0 0.26796875 0.5447916666666667 0.028125 0.04791666666666667
0 0.225 0.3729166666666667 0.03125 0.05
0 0.3203125 0.9385416666666667 0.025 0.05
0 0.53984375 0.9135416666666667 0.0265625 0.05416666666666667
0 0.28359375 0.9197916666666667 0.0265625 0.05
0 0.3 0.846875 0.0265625 0.05
0 0.53203125 0.840625 0.0265625 0.05416666666666667
0 0.2609375 0.7333333333333333 0.028125 0.05
0 0.1703125 0.7572916666666667 0.028125 0.05
0 0.2171875 0.6229166666666667 0.028125 0.05
0 0.265625 0.6697916666666667 0.028125 0.05
0 0.5515625 0.17708333333333334 0.03125 0.058333333333333334
0 0.46875 0.61875 0.028125 0.05
0 0.496875 0.9072916666666667 0.025 0.05416666666666667
0 0.5296875 0.7583333333333333 0.028125 0.05416666666666667
0 0.71796875 0.5895833333333333 0.034375 0.058333333333333334
0 0.4484375 0.9114583333333334 0.025 0.05
0 0.45859375 0.3854166666666667 0.028125 0.05
0 0.5140625 0.45729166666666665 0.028125 0.05
0 0.503125 0.3625 0.028125 0.05
0 0.5078125 0.2875 0.028125 0.05416666666666667
0 0.34296875 0.9947916666666666 0.0203125 0.010416666666666666