0 0.4265625 0.83125 0.4375 0.8416666666666667 0.4390625 0.85 0.4375 0.8604166666666667 0.4265625 0.875 0.4109375 0.875 0.4046875 0.8708333333333333 0.4 0.8625 0.4 0.8541666666666666 0.4046875 0.8395833333333333 0.4171875 0.83125 0.425 0.83125
0 0.425 0.3020833333333333 0.4375 0.30625 0.44375 0.31666666666666665 0.44375 0.32916666666666666 0.440625 0.33541666666666664 0.43125 0.3416666666666667 0.421875 0.3416666666666667 0.4171875 0.33958333333333335 0.4078125 0.32708333333333334 0.409375 0.3125 0.4171875 0.30416666666666664 0.4234375 0.30416666666666664
0 0.496875 0.3770833333333333 0.5015625 0.37916666666666665 0.5078125 0.38958333333333334 0.50625 0.4041666666666667 0.4984375 0.41041666666666665 0.48125 0.4083333333333333 0.4765625 0.4041666666666667 0.4734375 0.39375 0.4765625 0.38333333333333336 0.48125 0.37916666666666665 0.4953125 0.3770833333333333
0 0.628125 0.30416666666666664 0.634375 0.3104166666666667 0.6359375 0.31666666666666665 0.634375 0.325 0.628125 0.3333333333333333 0.615625 0.33958333333333335 0.6109375 0.33958333333333335 0.6015625 0.3333333333333333 0.5984375 0.32708333333333334 0.5984375 0.3145833333333333 0.6109375 0.3020833333333333 0.625 0.3020833333333333 0.6265625 0.30416666666666664
0 0.75625 0.7583333333333333 0.76875 0.7666666666666667 0.7734375 0.775 0.771875 0.7895833333333333 0.7625 0.7979166666666667 0.7484375 0.7979166666666667 0.7390625 0.7895833333333333 0.7328125 0.7791666666666667 0.7328125 0.7708333333333334 0.7390625 0.7604166666666666 0.7546875 0.7583333333333333
0 0.21875 0.49583333333333335 0.234375 0.5 0.240625 0.5083333333333333 0.240625 0.51875 0.234375 0.5270833333333333 0.225 0.5333333333333333 0.20625 0.53125 0.1984375 0.5208333333333334 0.1984375 0.5083333333333333 0.2046875 0.5 0.2171875 0.49583333333333335
0 0.215625 0.6895833333333333 0.225 0.69375 0.228125 0.6979166666666666 0.23125 0.7104166666666667 0.221875 0.725 0.2109375 0.73125 0.1984375 0.73125 0.1921875 0.7270833333333333 0.1875 0.7208333333333333 0.1859375 0.7104166666666667 0.1875 0.7041666666666667 0.1921875 0.6979166666666666 0.203125 0.6916666666666667 0.2140625 0.6895833333333333
0 0.621875 0.8270833333333333 0.6265625 0.8291666666666667 0.6375 0.84375 0.6375 0.8583333333333333 0.628125 0.86875 0.6125 0.86875 0.60625 0.8645833333333334 0.6015625 0.8583333333333333 0.6 0.8520833333333333 0.6 0.8416666666666667 0.60625 0.83125 0.6125 0.8270833333333333 0.6203125 0.8270833333333333
0 0.7578125 0.5625 0.76875 0.5770833333333333 0.76875 0.5854166666666667 0.7625 0.5958333333333333 0.75625 0.5979166666666667 0.7453125 0.5979166666666667 0.7359375 0.59375 0.728125 0.5833333333333334 0.728125 0.575 0.7328125 0.5666666666666667 0.7390625 0.5625 0.75625 0.5625
0 0.69375 0.30625 0.7 0.3125 0.7015625 0.31875 0.7 0.32916666666666666 0.684375 0.3416666666666667 0.6734375 0.3416666666666667 0.6640625 0.33541666666666664 0.6625 0.32083333333333336 0.6703125 0.30833333333333335 0.6765625 0.30416666666666664 0.6921875 0.30625
0 0.3578125 0.49583333333333335 0.3625 0.4979166666666667 0.36875 0.50625 0.36875 0.5166666666666667 0.3625 0.5270833333333333 0.3546875 0.53125 0.3421875 0.53125 0.3359375 0.5270833333333333 0.33125 0.51875 0.33125 0.5083333333333333 0.3390625 0.4979166666666667 0.35625 0.49583333333333335
0 0.615625 0.45416666666666666 0.040625 0.0375
0 0.68125 0.5604166666666667 0.690625 0.5645833333333333 0.696875 0.5729166666666666 0.6984375 0.58125 0.690625 0.59375 0.6796875 0.5979166666666667 0.6640625 0.5916666666666667 0.6578125 0.5791666666666667 0.659375 0.5708333333333333 0.6640625 0.5645833333333333 0.671875 0.5604166666666667 0.6796875 0.5604166666666667
0 0.23125 0.4375 0.2390625 0.44166666666666665 0.24375 0.4479166666666667 0.2453125 0.45625 0.2375 0.46875 0.2296875 0.47291666666666665 0.2140625 0.47291666666666665 0.2078125 0.46875 0.2015625 0.45625 0.2046875 0.44375 0.209375 0.4395833333333333 0.2203125 0.4354166666666667 0.2296875 0.4375
0 0.503125 0.4395833333333333 0.5046875 0.45 0.503125 0.4583333333333333 0.490625 0.46875 0.4765625 0.46458333333333335 0.4703125 0.45625 0.4703125 0.44375 0.4828125 0.43333333333333335 0.49375 0.43333333333333335 0.5015625 0.4395833333333333
0 0.8171875 0.5041666666666667 0.825 0.50625 0.8328125 0.51875 0.83125 0.53125 0.8234375 0.5395833333333333 0.8046875 0.5395833333333333 0.7921875 0.53125 0.790625 0.525 0.790625 0.51875 0.796875 0.5083333333333333 0.815625 0.5041666666666667
0 0.81875 0.56875 0.825 0.5729166666666666 0.828125 0.5791666666666667 0.828125 0.5916666666666667 0.821875 0.6 0.8171875 0.6020833333333333 0.7984375 0.6 0.7890625 0.59375 0.7859375 0.5854166666666667 0.7859375 0.5770833333333333 0.790625 0.5708333333333333 0.7984375 0.5666666666666667 0.815625 0.5666666666666667 0.8171875 0.56875
0 0.3 0.5625 0.3078125 0.5708333333333333 0.309375 0.58125 0.303125 0.59375 0.290625 0.6 0.28125 0.6 0.2734375 0.5958333333333333 0.2671875 0.5854166666666667 0.2671875 0.5791666666666667 0.2703125 0.575 0.2703125 0.5708333333333333 0.2765625 0.5645833333333333 0.2984375 0.5625