0 0.25703125 0.31979166666666664 0.0328125 0.059375
0 0.4578125 0.22604166666666667 0.03203125 0.06145833333333333
0 0.3078125 0.23020833333333332 0.03359375 0.06145833333333333
0 0.4640625 0.04895833333333333 0.03203125 0.065625
0 0.4125 0.053125 0.03203125 0.06354166666666666
0 0.31875 0.036458333333333336 0.03203125 0.065625
0 0.35 0.40520833333333334 0.03203125 0.058333333333333334
0 0.35703125 0.215625 0.0328125 0.06145833333333333
0 0.57578125 0.03229166666666667 0.0328125 0.06458333333333334
0 0.684375 0.303125 0.03671875 0.06354166666666666
0 0.5140625 0.04791666666666667 0.03125 0.065625
0 0.36015625 0.046875 0.0328125 0.06354166666666666
0 0.46171875 0.3229166666666667 0.03125 0.057291666666666664
0 0.571875 0.21979166666666666 0.03203125 0.0625
0 0.34296875 0.9177083333333333 0.0359375 0.06979166666666667
0 0.346875 0.603125 0.03359375 0.058333333333333334
0 0.4984375 0.9302083333333333 0.0328125 0.06979166666666667
0 0.3859375 0.921875 0.03515625 0.06770833333333333
0 0.2875 0.9083333333333333 0.03671875 0.06666666666666667
0 0.5078125 0.421875 0.03125 0.057291666666666664
0 0.2359375 0.596875 0.0359375 0.059375
0 0.5671875 0.9354166666666667 0.034375 0.07083333333333333
0 0.690625 0.9385416666666667 0.03984375 0.071875
0 0.56875 0.6208333333333333 0.03515625 0.06145833333333333
0 0.28125 0.7989583333333333 0.03671875 0.0625
0 0.6375 0.934375 0.03828125 0.07083333333333333
0 0.67890625 0.6322916666666667 0.0390625 0.065625
0 0.45546875 0.5052083333333334 0.0296875 0.053125
0 0.4453125 0.9229166666666667 0.034375 0.06770833333333333
0 0.5671875 0.703125 0.03359375 0.06145833333333333