0 0.428125 0.03854166666666667 0.0296875 0.058333333333333334
0 0.465625 0.13020833333333334 0.02890625 0.057291666666666664
0 0.17265625 0.225 0.03125 0.05520833333333333
0 0.2109375 0.11354166666666667 0.03125 0.057291666666666664
0 0.46875 0.21041666666666667 0.0296875 0.057291666666666664
0 0.5625 0.225 0.0296875 0.05520833333333333
0 0.184375 0.45729166666666665 0.0328125 0.05416666666666667
0 0.15625 0.28020833333333334 0.03046875 0.053125
0 0.5015625 0.3885416666666667 0.0296875 0.05416666666666667
0 0.0703125 0.21770833333333334 0.0328125 0.05520833333333333
0 0.14453125 0.6458333333333334 0.034375 0.05520833333333333
0 0.1265625 0.3697916666666667 0.0328125 0.053125
0 0.3859375 0.8385416666666666 0.03203125 0.059375
0 0.23125 0.016666666666666666 0.0296875 0.03333333333333333
0 0.4828125 0.7552083333333334 0.03046875 0.05520833333333333
0 0.18125 0.30416666666666664 0.03046875 0.05520833333333333
0 0.19140625 0.028125 0.03125 0.05520833333333333
0 0.4375 0.753125 0.03046875 0.05520833333333333