0 0.3765625 0.35833333333333334 0.02890625 0.053125
0 0.4796875 0.21354166666666666 0.02890625 0.05416666666666667
0 0.3671875 0.5302083333333333 0.02890625 0.053125
0 0.4515625 0.05520833333333333 0.02734375 0.05520833333333333
0 0.2734375 0.5041666666666667 0.03125 0.053125
0 0.496875 0.052083333333333336 0.02734375 0.05416666666666667
0 0.3515625 0.8072916666666666 0.03125 0.058333333333333334
0 0.4 0.04791666666666667 0.02890625 0.057291666666666664
0 0.5359375 0.06041666666666667 0.028125 0.05416666666666667
0 0.675 0.4010416666666667 0.03203125 0.057291666666666664
0 0.28671875 0.7895833333333333 0.0328125 0.059375
0 0.38828125 0.8177083333333334 0.0296875 0.05520833333333333
0 0.2859375 0.35104166666666664 0.0296875 0.05416666666666667
0 0.45 0.6322916666666667 0.02890625 0.04895833333333333
0 0.4890625 0.8354166666666667 0.0296875 0.057291666666666664
0 0.44375 0.8229166666666666 0.03046875 0.057291666666666664
0 0.4765625 0.29583333333333334 0.028125 0.053125
0 0.2609375 0.016666666666666666 0.02734375 0.03333333333333333
0 0.6609375 0.5947916666666667 0.03359375 0.05520833333333333
0 0.2203125 0.025 0.02890625 0.05