0 0.26796875 0.4552083333333333 0.028125 0.04895833333333333
0 0.225 0.6270833333333333 0.03046875 0.051041666666666666
0 0.3203125 0.06145833333333333 0.02578125 0.051041666666666666
0 0.53984375 0.08645833333333333 0.0265625 0.053125
0 0.28359375 0.08020833333333334 0.0265625 0.04895833333333333
0 0.3 0.153125 0.0265625 0.04895833333333333
0 0.53203125 0.159375 0.0265625 0.053125
0 0.2609375 0.26666666666666666 0.028125 0.05
0 0.1703125 0.24270833333333333 0.02890625 0.04895833333333333
0 0.2171875 0.3770833333333333 0.02890625 0.04895833333333333
0 0.265625 0.3302083333333333 0.02890625 0.05
0 0.5515625 0.8229166666666666 0.03046875 0.059375
0 0.46875 0.38125 0.02734375 0.051041666666666666
0 0.496875 0.09270833333333334 0.02578125 0.053125
0 0.5296875 0.24166666666666667 0.02734375 0.053125
0 0.71796875 0.41041666666666665 0.034375 0.057291666666666664
0 0.4484375 0.08854166666666667 0.02578125 0.051041666666666666
0 0.45859375 0.6145833333333334 0.028125 0.04895833333333333
0 0.5140625 0.5427083333333333 0.02734375 0.051041666666666666
0 0.503125 0.6375 0.02734375 0.05
0 0.5078125 0.7125 0.02890625 0.053125
0 0.34296875 0.005208333333333333 0.0203125 0.010416666666666666