0 0.5171875 0.109375 0.028125 0.05416666666666667
0 0.56796875 0.10833333333333334 0.0296875 0.05416666666666667
0 0.6109375 0.10729166666666666 0.0296875 0.05416666666666667
0 0.4734375 0.10520833333333333 0.028125 0.05416666666666667
0 0.33125 0.096875 0.03125 0.05416666666666667
0 0.703125 0.11458333333333333 0.03125 0.058333333333333334
0 0.425 0.3625 0.0265625 0.05
0 0.41875 0.103125 0.028125 0.058333333333333334
0 0.7171875 0.6145833333333334 0.034375 0.05416666666666667
0 0.51953125 0.35833333333333334 0.0265625 0.05
0 0.709375 0.3572916666666667 0.03125 0.05416666666666667
0 0.371875 0.10520833333333333 0.028125 0.05416666666666667
0 0.6171875 0.36041666666666666 0.0296875 0.05
0 0.3265625 0.3614583333333333 0.03125 0.05416666666666667
0 0.7203125 0.8822916666666667 0.034375 0.058333333333333334
0 0.61328125 0.27291666666666664 0.0296875 0.05416666666666667
0 0.6203125 0.7072916666666667 0.03125 0.05416666666666667
0 0.625 0.8864583333333333 0.03125 0.058333333333333334
0 0.5171875 0.27291666666666664 0.028125 0.05416666666666667
0 0.3734375 0.2791666666666667 0.028125 0.05416666666666667
0 0.66875 0.7072916666666667 0.03125 0.05416666666666667
0 0.61953125 0.6166666666666667 0.0296875 0.05416666666666667
0 0.37578125 0.7145833333333333 0.0296875 0.05416666666666667
0 0.3234375 0.6239583333333333 0.0296875 0.05
0 0.37578125 0.8958333333333334 0.03125 0.0625
0 0.48046875 0.8947916666666667 0.0296875 0.058333333333333334
0 0.43046875 0.884375 0.0296875 0.058333333333333334
0 0.525 0.8895833333333333 0.03125 0.058333333333333334
0 0.3234375 0.9052083333333333 0.03125 0.0625
0 0.425 0.6197916666666666 0.025 0.05
0 0.5734375 0.8864583333333333 0.028125 0.058333333333333334
0 0.5203125 0.6145833333333334 0.0265625 0.05