0 0.1390625 0.23125 0.14375 0.22708333333333333 0.1484375 0.22708333333333333 0.1609375 0.24791666666666667 0.159375 0.26458333333333334 0.15625 0.2708333333333333 0.1484375 0.275 0.1421875 0.2708333333333333 0.134375 0.25833333333333336 0.134375 0.24166666666666667 0.1390625 0.23333333333333334
0 0.2515625 0.44583333333333336 0.259375 0.45625 0.2609375 0.4625 0.2609375 0.47708333333333336 0.2578125 0.48541666666666666 0.2515625 0.49166666666666664 0.2453125 0.49166666666666664 0.2390625 0.4875 0.2328125 0.475 0.2328125 0.4625 0.2359375 0.45208333333333334 0.24375 0.44375 0.25 0.44583333333333336
0 0.228125 0.28541666666666665 0.2359375 0.29375 0.240625 0.30625 0.2390625 0.3125 0.2359375 0.3145833333333333 0.2328125 0.33125 0.2296875 0.3333333333333333 0.221875 0.32916666666666666 0.2140625 0.31875 0.2125 0.3125 0.2140625 0.29583333333333334 0.21875 0.28958333333333336 0.2265625 0.28541666666666665
0 0.2640625 0.06666666666666667 0.271875 0.07291666666666667 0.2765625 0.08958333333333333 0.2765625 0.1 0.2734375 0.10833333333333334 0.2703125 0.1125 0.2625 0.1125 0.2578125 0.10833333333333334 0.253125 0.09791666666666667 0.2515625 0.08125 0.2546875 0.07291666666666667 0.2625 0.06875
0 0.1984375 0.3645833333333333 0.209375 0.38125 0.209375 0.39791666666666664 0.2 0.41041666666666665 0.1921875 0.4083333333333333 0.18125 0.39375 0.18125 0.38125 0.184375 0.3729166666666667 0.1890625 0.36666666666666664 0.196875 0.3645833333333333
0 0.6984375 0.41458333333333336 0.703125 0.42083333333333334 0.7046875 0.4270833333333333 0.7046875 0.44583333333333336 0.7015625 0.45416666666666666 0.690625 0.4625 0.684375 0.4625 0.6765625 0.45416666666666666 0.675 0.4354166666666667 0.6765625 0.4270833333333333 0.684375 0.41458333333333336 0.6875 0.4125 0.6953125 0.4125 0.696875 0.41458333333333336
0 0.2046875 0.6166666666666667 0.2171875 0.6270833333333333 0.2171875 0.65 0.209375 0.6625 0.19375 0.6625 0.1875 0.65 0.1875 0.6375 0.1921875 0.6229166666666667 0.1984375 0.6166666666666667 0.203125 0.6166666666666667
0 0.4703125 0.09375 0.475 0.08958333333333333 0.4828125 0.08958333333333333 0.4890625 0.09791666666666667 0.4890625 0.11041666666666666 0.490625 0.1125 0.4875 0.13333333333333333 0.484375 0.1375 0.4734375 0.1375 0.4671875 0.125 0.4671875 0.10208333333333333 0.4703125 0.09583333333333334
0 0.2484375 0.30833333333333335 0.253125 0.3104166666666667 0.2609375 0.325 0.2609375 0.34375 0.2546875 0.3541666666666667 0.2453125 0.3541666666666667 0.2375 0.3458333333333333 0.234375 0.3333333333333333 0.2390625 0.3145833333333333 0.246875 0.30833333333333335
0 0.5140625 0.22708333333333333 0.521875 0.23125 0.525 0.23958333333333334 0.5265625 0.25833333333333336 0.5234375 0.2708333333333333 0.5203125 0.275 0.5109375 0.2791666666666667 0.503125 0.26875 0.5015625 0.24375 0.50625 0.23125 0.5125 0.22916666666666666
0 0.2703125 0.14791666666666667 0.275 0.14375 0.2859375 0.14375 0.290625 0.15208333333333332 0.29375 0.16666666666666666 0.290625 0.18333333333333332 0.2875 0.1875 0.278125 0.1875 0.2703125 0.17708333333333334 0.2671875 0.16666666666666666 0.2671875 0.15833333333333333 0.2703125 0.15
0 0.246875 0.23958333333333334 0.25625 0.25625 0.25625 0.275 0.25 0.2833333333333333 0.2453125 0.28541666666666665 0.2390625 0.2833333333333333 0.2296875 0.26666666666666666 0.2296875 0.25625 0.2328125 0.24583333333333332 0.2375 0.23958333333333334 0.2453125 0.23958333333333334
0 0.3046875 0.05 0.3109375 0.058333333333333334 0.3140625 0.07291666666666667 0.3125 0.0875 0.3046875 0.09583333333333334 0.296875 0.09375 0.2890625 0.075 0.2890625 0.06458333333333334 0.29375 0.052083333333333336 0.303125 0.05
0 0.3140625 0.0020833333333333333 0.3359375 0.0020833333333333333 0.334375 0.0125 0.328125 0.020833333333333332 0.321875 0.020833333333333332 0.3171875 0.014583333333333334 0.3140625 0.004166666666666667
0 0.421875 0.8020833333333334 0.43125 0.8125 0.434375 0.8333333333333334 0.43125 0.8458333333333333 0.4265625 0.8541666666666666 0.4203125 0.8583333333333333 0.4109375 0.8541666666666666 0.4078125 0.85 0.4046875 0.8375 0.4046875 0.8229166666666666 0.409375 0.8104166666666667 0.4203125 0.8020833333333334
0 0.478125 0.7333333333333333 0.484375 0.7395833333333334 0.4875 0.7479166666666667 0.4859375 0.775 0.478125 0.7833333333333333 0.4734375 0.7833333333333333 0.4671875 0.7791666666666667 0.4609375 0.76875 0.4609375 0.7520833333333333 0.4640625 0.7416666666666667 0.4671875 0.7354166666666667 0.4734375 0.73125 0.4765625 0.7333333333333333
0 0.45 0.0020833333333333333 0.471875 0.0020833333333333333 0.471875 0.0125 0.4734375 0.014583333333333334 0.471875 0.016666666666666666 0.4703125 0.0375 0.4671875 0.041666666666666664 0.45625 0.041666666666666664 0.453125 0.0375 0.45 0.025 0.45 0.004166666666666667
0 0.5484375 0.38958333333333334 0.5546875 0.39791666666666664 0.55625 0.42083333333333334 0.5515625 0.43333333333333335 0.546875 0.4375 0.5390625 0.4375 0.534375 0.43333333333333335 0.53125 0.42083333333333334 0.5328125 0.39791666666666664 0.5390625 0.38958333333333334 0.546875 0.38958333333333334
0 0.5140625 0.15833333333333333 0.51875 0.16041666666666668 0.5234375 0.16875 0.525 0.1875 0.521875 0.2 0.515625 0.20833333333333334 0.5078125 0.20833333333333334 0.5015625 0.19791666666666666 0.5 0.17291666666666666 0.50625 0.16041666666666668 0.5125 0.16041666666666668
0 0.5125 0.08958333333333333 0.5171875 0.08541666666666667 0.525 0.08541666666666667 0.5296875 0.08958333333333333 0.5328125 0.09791666666666667 0.53125 0.125 0.5265625 0.13333333333333333 0.5203125 0.13541666666666666 0.515625 0.13333333333333333 0.5109375 0.12708333333333333 0.509375 0.12083333333333333 0.509375 0.09791666666666667 0.5125 0.09166666666666666