0 0.521875 0.22083333333333333 0.0375 0.0375
0 0.39765625 0.16458333333333333 0.0375 0.041666666666666664
0 0.2546875 0.4427083333333333 0.040625 0.03958333333333333
0 0.6703125 0.21666666666666667 0.0375 0.035416666666666666
0 0.678125 0.09479166666666666 0.034375 0.0375
0 0.6375 0.19479166666666667 0.034375 0.035416666666666666
0 0.74140625 0.2635416666666667 0.034375 0.035416666666666666
0 0.809375 0.2916666666666667 0.034375 0.03333333333333333
0 0.796875 0.24166666666666667 0.034375 0.03333333333333333
0 0.62109375 0.22291666666666668 0.0375 0.035416666666666666
0 0.73515625 0.5645833333333333 0.0375 0.035416666666666666
0 0.58046875 0.15625 0.034375 0.0375
0 0.30703125 0.5145833333333333 0.040625 0.0375
0 0.68359375 0.5666666666666667 0.0375 0.03333333333333333
0 0.78984375 0.575 0.0375 0.03333333333333333
0 0.61328125 0.8020833333333334 0.040625 0.04375
0 0.56640625 0.6083333333333333 0.0375 0.0375
0 0.8609375 0.31875 0.028125 0.03333333333333333
0 0.57265625 0.49375 0.0375 0.035416666666666666
0 0.8546875 0.496875 0.0375 0.03333333333333333
0 0.871875 0.5854166666666667 0.00625 0.025