0 0.35703125 0.4427083333333333 0.03125 0.053125
0 0.2609375 0.5041666666666667 0.0328125 0.053125
0 0.51953125 0.046875 0.0296875 0.057291666666666664
0 0.4671875 0.20416666666666666 0.02890625 0.053125
0 0.48125 0.042708333333333334 0.02890625 0.05520833333333333
0 0.38203125 0.8114583333333333 0.03125 0.059375
0 0.434375 0.046875 0.02734375 0.057291666666666664
0 0.3828125 0.041666666666666664 0.02890625 0.05520833333333333
0 0.6640625 0.384375 0.0328125 0.057291666666666664
0 0.3171875 0.3489583333333333 0.03046875 0.05416666666666667
0 0.2734375 0.3489583333333333 0.03046875 0.051041666666666666
0 0.4390625 0.6239583333333333 0.02890625 0.051041666666666666
0 0.4640625 0.28854166666666664 0.02890625 0.05416666666666667
0 0.34375 0.8052083333333333 0.03125 0.058333333333333334
0 0.4828125 0.8260416666666667 0.03046875 0.057291666666666664
0 0.43671875 0.8166666666666667 0.03125 0.058333333333333334
0 0.6515625 0.5760416666666667 0.03359375 0.057291666666666664
0 0.18125 0.234375 0.03046875 0.05416666666666667
0 0.24375 0.016666666666666666 0.03046875 0.03333333333333333
0 0.2046875 0.028125 0.0296875 0.053125
0 0.1375 0.35520833333333335 0.03203125 0.05520833333333333
0 0.1875 0.303125 0.03125 0.053125