0 0.540625 0.22708333333333333 0.03359375 0.065625
0 0.653125 0.303125 0.03671875 0.06354166666666666
0 0.2484375 0.9364583333333333 0.03984375 0.07395833333333333
0 0.2125 0.32395833333333335 0.03671875 0.06145833333333333
0 0.4296875 0.32395833333333335 0.03359375 0.0625
0 0.5390625 0.9458333333333333 0.03671875 0.071875
0 0.30859375 0.9427083333333334 0.0390625 0.075
0 0.31328125 0.4125 0.034375 0.06145833333333333
0 0.425 0.22395833333333334 0.0328125 0.065625
0 0.47734375 0.425 0.03125 0.05520833333333333
0 0.65 0.6333333333333333 0.0375 0.06666666666666667
0 0.47109375 0.9447916666666667 0.034375 0.07083333333333333
0 0.1921875 0.6114583333333333 0.03984375 0.0625
0 0.6578125 0.7322916666666667 0.03828125 0.065625
0 0.209375 0.21354166666666666 0.0375 0.065625
0 0.4171875 0.9427083333333334 0.03671875 0.07395833333333333
0 0.31953125 0.041666666666666664 0.034375 0.06666666666666667
0 0.35390625 0.9447916666666667 0.0359375 0.071875
0 0.43046875 0.5072916666666667 0.0328125 0.058333333333333334
0 0.278125 0.03229166666666667 0.03515625 0.06354166666666666
0 0.4296875 0.04375 0.03359375 0.06770833333333333
0 0.3765625 0.04583333333333333 0.034375 0.06666666666666667
0 0.3203125 0.21354166666666666 0.03515625 0.065625
0 0.6109375 0.940625 0.03828125 0.075
0 0.31015625 0.6166666666666667 0.0359375 0.06145833333333333
0 0.48046875 0.042708333333333334 0.0328125 0.06979166666666667
0 0.37578125 0.14375 0.0328125 0.0625
0 0.04765625 0.43854166666666666 0.0375 0.06145833333333333