0 0.72578125 0.540625 0.03125 0.052083333333333336
0 0.6203125 0.3958333333333333 0.028125 0.05
0 0.5234375 0.253125 0.0265625 0.05
0 0.471875 0.10520833333333333 0.028125 0.05416666666666667
0 0.6984375 0.3145833333333333 0.0296875 0.05
0 0.509375 0.10104166666666667 0.025 0.05416666666666667
0 0.55234375 0.10520833333333333 0.0265625 0.05416666666666667
0 0.334375 0.428125 0.03125 0.05416666666666667
0 0.6296875 0.5614583333333333 0.028125 0.05
0 0.7015625 0.8197916666666667 0.03125 0.058333333333333334
0 0.5234375 0.33645833333333336 0.025 0.05
0 0.60234375 0.09895833333333333 0.028125 0.05
0 0.6421875 0.834375 0.028125 0.058333333333333334
0 0.60625 0.8385416666666666 0.03125 0.058333333333333334
0 0.50625 0.8541666666666666 0.028125 0.05416666666666667
0 0.48671875 0.42604166666666665 0.0265625 0.05
0 0.5484375 0.6572916666666667 0.028125 0.04583333333333333
0 0.5515625 0.8447916666666667 0.028125 0.05416666666666667
0 0.4296875 0.34479166666666666 0.028125 0.05
0 0.34453125 0.6135416666666667 0.03125 0.05416666666666667
0 0.775 0.08020833333333334 0.0296875 0.05416666666666667