0 0.51875 0.057291666666666664 0.02578125 0.051041666666666666
0 0.390625 0.051041666666666666 0.02578125 0.051041666666666666
0 0.35625 0.5729166666666666 0.03046875 0.051041666666666666
0 0.56796875 0.06145833333333333 0.0265625 0.05416666666666667
0 0.440625 0.057291666666666664 0.02578125 0.051041666666666666
0 0.259375 0.022916666666666665 0.02734375 0.04583333333333333
0 0.4828125 0.05416666666666667 0.02578125 0.05
0 0.3546875 0.765625 0.03046875 0.05520833333333333
0 0.39140625 0.7697916666666667 0.028125 0.053125
0 0.2921875 0.7489583333333333 0.03125 0.057291666666666664
0 0.44375 0.7729166666666667 0.02890625 0.05416666666666667
0 0.490625 0.7802083333333333 0.02890625 0.053125
0 0.6484375 0.4552083333333333 0.03046875 0.053125
0 0.54453125 0.7927083333333333 0.0296875 0.05520833333333333
0 0.46875 0.34479166666666666 0.0265625 0.04895833333333333
0 0.465625 0.49270833333333336 0.02734375 0.046875
0 0.2203125 0.03854166666666667 0.0265625 0.05
0 0.1 0.20416666666666666 0.03125 0.053125
0 0.196875 0.22604166666666667 0.03046875 0.05416666666666667
0 0.20234375 0.290625 0.0296875 0.051041666666666666
0 0.153125 0.33958333333333335 0.03125 0.051041666666666666