0 0.5 0.8416666666666667 0.025 0.05
0 0.290625 0.9427083333333334 0.025 0.05
0 0.40625 0.7729166666666667 0.025 0.05
0 0.1421875 0.7583333333333333 0.028125 0.05
0 0.5078125 0.915625 0.025 0.05
0 0.4671875 0.271875 0.028125 0.05
0 0.5015625 0.7708333333333334 0.025 0.05
0 0.2390625 0.546875 0.028125 0.05
0 0.4125 0.19583333333333333 0.03125 0.05416666666666667
0 0.1984375 0.37604166666666666 0.0296875 0.05
0 0.21875 0.7072916666666667 0.025 0.04583333333333333
0 0.2703125 0.8489583333333334 0.028125 0.05
0 0.2546875 0.9239583333333333 0.025 0.05
0 0.5328125 0.6135416666666667 0.028125 0.05
0 0.1890625 0.6260416666666667 0.028125 0.05
0 0.2359375 0.7520833333333333 0.028125 0.05
0 0.2390625 0.684375 0.028125 0.05
0 0.45 0.9875 0.025 0.025
0 0.6796875 0.5947916666666667 0.03125 0.05416666666666667
0 0.3140625 0.9958333333333333 0.01875 0.008333333333333333