0 0.3015625 0.65 0.3125 0.65625 0.315625 0.6645833333333333 0.315625 0.6833333333333333 0.3109375 0.6958333333333333 0.303125 0.7041666666666667 0.29375 0.7041666666666667 0.2890625 0.7 0.284375 0.6875 0.2859375 0.6645833333333333 0.2953125 0.6520833333333333 0.3 0.6520833333333333
0 0.4890625 0.74375 0.5 0.74375 0.50625 0.7541666666666667 0.509375 0.76875 0.5078125 0.7875 0.503125 0.7958333333333333 0.4984375 0.8 0.490625 0.8 0.4859375 0.7958333333333333 0.48125 0.7875 0.4796875 0.7729166666666667 0.4828125 0.7541666666666667 0.4890625 0.7458333333333333
0 0.7046875 0.9229166666666667 0.7140625 0.9354166666666667 0.7203125 0.9541666666666667 0.71875 0.9729166666666667 0.715625 0.9791666666666666 0.7046875 0.9854166666666667 0.6984375 0.9833333333333333 0.69375 0.9770833333333333 0.6875 0.9520833333333333 0.6875 0.9395833333333333 0.690625 0.93125 0.6984375 0.9229166666666667 0.703125 0.9229166666666667
0 0.49375 0.39166666666666666 0.5 0.39375 0.50625 0.4041666666666667 0.50625 0.4270833333333333 0.503125 0.4354166666666667 0.4984375 0.44166666666666665 0.49375 0.44375 0.4875 0.44166666666666665 0.48125 0.43333333333333335 0.478125 0.42083333333333334 0.478125 0.4125 0.48125 0.40208333333333335 0.4875 0.39375 0.4921875 0.39166666666666666
0 0.728125 0.07708333333333334 0.73125 0.08125 0.734375 0.08125 0.7390625 0.08958333333333333 0.740625 0.11041666666666666 0.7359375 0.12916666666666668 0.725 0.14166666666666666 0.715625 0.14166666666666666 0.7109375 0.1375 0.70625 0.12708333333333333 0.7046875 0.11041666666666666 0.7109375 0.08958333333333333 0.7171875 0.08125 0.7265625 0.07708333333333334
0 0.7109375 0.3625 0.7171875 0.3645833333333333 0.725 0.3770833333333333 0.7265625 0.3958333333333333 0.721875 0.41041666666666665 0.7171875 0.4166666666666667 0.7046875 0.41875 0.696875 0.4125 0.6921875 0.40208333333333335 0.690625 0.38958333333333334 0.6953125 0.3729166666666667 0.703125 0.3645833333333333 0.709375 0.3645833333333333
0 0.440625 0.9145833333333333 0.446875 0.9104166666666667 0.4515625 0.9104166666666667 0.459375 0.91875 0.4625 0.93125 0.4625 0.9458333333333333 0.459375 0.9604166666666667 0.4515625 0.9708333333333333 0.44375 0.9708333333333333 0.4390625 0.9666666666666667 0.434375 0.9541666666666667 0.434375 0.93125 0.440625 0.9166666666666666
0 0.353125 0.91875 0.3609375 0.9291666666666667 0.3625 0.9458333333333333 0.35625 0.9708333333333333 0.3484375 0.9770833333333333 0.340625 0.975 0.334375 0.9666666666666667 0.3328125 0.9625 0.3328125 0.94375 0.3375 0.9270833333333334 0.34375 0.91875 0.3515625 0.91875
0 0.3546875 0.7354166666666667 0.3625 0.7458333333333333 0.3640625 0.7708333333333334 0.3578125 0.7875 0.35 0.79375 0.3421875 0.7916666666666666 0.3375 0.7875 0.3328125 0.76875 0.3359375 0.7541666666666667 0.3421875 0.7395833333333334 0.3484375 0.7354166666666667 0.353125 0.7354166666666667
0 0.4859375 0.28958333333333336 0.490625 0.28541666666666665 0.4953125 0.28541666666666665 0.50625 0.29791666666666666 0.5078125 0.30625 0.5078125 0.31666666666666665 0.5046875 0.32916666666666666 0.496875 0.3375 0.4890625 0.3375 0.4796875 0.31666666666666665 0.4796875 0.30416666666666664 0.48125 0.29791666666666666 0.4859375 0.2916666666666667
0 0.3953125 0.38333333333333336 0.4046875 0.38958333333333334 0.409375 0.4041666666666667 0.4078125 0.41875 0.403125 0.42916666666666664 0.3984375 0.43333333333333335 0.3890625 0.43333333333333335 0.3828125 0.425 0.3796875 0.41458333333333336 0.38125 0.39375 0.3875 0.3854166666666667 0.39375 0.38333333333333336
0 0.4875 0.08125 0.5 0.08125 0.5078125 0.09791666666666667 0.509375 0.10833333333333334 0.50625 0.13333333333333333 0.5 0.14166666666666666 0.49375 0.14375 0.4890625 0.14166666666666666 0.4828125 0.13333333333333333 0.478125 0.11666666666666667 0.4796875 0.09583333333333334 0.4875 0.08333333333333333
0 0.5515625 0.07916666666666666 0.5578125 0.08958333333333333 0.559375 0.10833333333333334 0.5546875 0.12916666666666668 0.546875 0.1375 0.5375 0.1375 0.534375 0.13333333333333333 0.528125 0.11666666666666667 0.528125 0.10208333333333333 0.534375 0.08125 0.540625 0.07708333333333334 0.5484375 0.07708333333333334 0.55 0.07916666666666666
0 0.26875 0.20208333333333334 0.2734375 0.19791666666666666 0.284375 0.19791666666666666 0.2953125 0.21041666666666667 0.2984375 0.225 0.296875 0.24375 0.290625 0.2520833333333333 0.2828125 0.25416666666666665 0.278125 0.25 0.2734375 0.25 0.2671875 0.24166666666666667 0.2640625 0.22708333333333333 0.2640625 0.21458333333333332 0.26875 0.20416666666666666
0 0.503125 0.6520833333333333 0.5109375 0.6625 0.5125 0.6875 0.509375 0.7 0.5015625 0.70625 0.4921875 0.7041666666666667 0.4859375 0.69375 0.484375 0.6854166666666667 0.484375 0.66875 0.4875 0.6583333333333333 0.4953125 0.65 0.5015625 0.6520833333333333
0 0.503125 0.9145833333333333 0.509375 0.9229166666666667 0.5109375 0.94375 0.5125 0.9458333333333333 0.5078125 0.9666666666666667 0.5015625 0.9729166666666667 0.490625 0.9708333333333333 0.4875 0.9666666666666667 0.4828125 0.95 0.4875 0.91875 0.490625 0.9145833333333333 0.5015625 0.9145833333333333
0 0.6828125 0.07916666666666666 0.690625 0.09166666666666666 0.690625 0.11666666666666667 0.6875 0.12708333333333333 0.678125 0.14166666666666666 0.6671875 0.14166666666666666 0.659375 0.13333333333333333 0.65625 0.125 0.65625 0.11041666666666666 0.6625 0.08958333333333333 0.6671875 0.08125 0.675 0.07708333333333334 0.68125 0.07916666666666666
0 0.6 0.5625 0.6109375 0.575 0.6140625 0.5854166666666667 0.6109375 0.6083333333333333 0.6046875 0.6166666666666667 0.6 0.61875 0.5921875 0.6166666666666667 0.5875 0.6125 0.5828125 0.6 0.5828125 0.5770833333333333 0.584375 0.5729166666666666 0.590625 0.5645833333333333 0.5984375 0.5625
0 0.4015625 0.9145833333333333 0.409375 0.9291666666666667 0.409375 0.95 0.4046875 0.9666666666666667 0.3953125 0.975 0.3890625 0.9729166666666667 0.3828125 0.9645833333333333 0.38125 0.9375 0.3875 0.91875 0.3921875 0.9145833333333333 0.4 0.9145833333333333
0 0.440625 0.07916666666666666 0.4453125 0.08541666666666667 0.45 0.09791666666666667 0.45 0.125 0.446875 0.13333333333333333 0.4390625 0.13958333333333334 0.434375 0.13958333333333334 0.4265625 0.13125 0.4203125 0.1125 0.4203125 0.09791666666666667 0.4265625 0.08125 0.4328125 0.07708333333333334 0.4390625 0.07916666666666666
0 0.2875 0.3854166666666667 0.2984375 0.3958333333333333 0.3015625 0.40625 0.3015625 0.42083333333333334 0.296875 0.43333333333333335 0.2921875 0.4375 0.2765625 0.4375 0.2703125 0.4270833333333333 0.2671875 0.41458333333333336 0.2703125 0.39375 0.278125 0.3854166666666667 0.2859375 0.3854166666666667
0 0.603125 0.40729166666666666 0.034375 0.058333333333333334
0 0.3046875 0.9125 0.309375 0.9145833333333333 0.315625 0.925 0.315625 0.9479166666666666 0.3109375 0.9625 0.3046875 0.9708333333333333 0.29375 0.9708333333333333 0.2890625 0.9666666666666667 0.284375 0.95 0.284375 0.9395833333333333 0.2921875 0.91875 0.303125 0.9125
0 0.6125 0.075 0.621875 0.0875 0.6234375 0.10833333333333334 0.6203125 0.12291666666666666 0.609375 0.1375 0.6 0.1375 0.596875 0.13333333333333333 0.5921875 0.12291666666666666 0.590625 0.10625 0.5953125 0.08541666666666667 0.6015625 0.07708333333333334 0.6078125 0.07291666666666667 0.6109375 0.075
0 0.6703125 0.2833333333333333 0.6765625 0.28958333333333336 0.6796875 0.29791666666666666 0.6796875 0.31666666666666665 0.6734375 0.3333333333333333 0.66875 0.3375 0.65625 0.3375 0.6484375 0.32916666666666666 0.6453125 0.31666666666666665 0.646875 0.3 0.6515625 0.28958333333333336 0.6625 0.28125 0.66875 0.2833333333333333
0 0.55 0.9145833333333333 0.5546875 0.91875 0.5609375 0.94375 0.559375 0.9625 0.5515625 0.975 0.5421875 0.975 0.534375 0.9666666666666667 0.5328125 0.9604166666666667 0.5328125 0.9270833333333334 0.5375 0.9166666666666666 0.5484375 0.9145833333333333
0 0.34375 0.0875 0.3515625 0.09375 0.3578125 0.11458333333333333 0.35625 0.1375 0.3515625 0.14583333333333334 0.346875 0.14791666666666667 0.3375 0.14583333333333334 0.33125 0.1375 0.3265625 0.12291666666666666 0.328125 0.09375 0.3359375 0.08541666666666667 0.3421875 0.0875
0 0.65625 0.7802083333333333 0.034375 0.0625
0 0.5890625 0.7479166666666667 0.59375 0.74375 0.6015625 0.74375 0.6109375 0.75625 0.6140625 0.7666666666666667 0.6140625 0.7875 0.6078125 0.8 0.6 0.8041666666666667 0.5890625 0.7958333333333333 0.5859375 0.7875 0.584375 0.7604166666666666 0.5890625 0.75
0 0.7109375 0.6729166666666667 0.7171875 0.6770833333333334 0.725 0.6875 0.728125 0.6979166666666666 0.7265625 0.7166666666666667 0.71875 0.7291666666666666 0.70625 0.7291666666666666 0.7 0.7208333333333333 0.69375 0.7041666666666667 0.69375 0.6895833333333333 0.696875 0.6791666666666667 0.7046875 0.6729166666666667 0.709375 0.6729166666666667
0 0.38125 0.5770833333333333 0.390625 0.56875 0.3984375 0.56875 0.4046875 0.5770833333333333 0.4078125 0.5875 0.4046875 0.6125 0.3984375 0.6208333333333333 0.3859375 0.6208333333333333 0.38125 0.6145833333333334 0.378125 0.6041666666666666 0.378125 0.5895833333333333 0.38125 0.5791666666666667
0 0.3890625 0.08125 0.3984375 0.08125 0.403125 0.08541666666666667 0.40625 0.08958333333333333 0.4109375 0.10625 0.4109375 0.12916666666666668 0.4078125 0.1375 0.3984375 0.14375 0.3921875 0.14166666666666666 0.3859375 0.13333333333333333 0.3796875 0.11458333333333333 0.3796875 0.09791666666666667 0.3828125 0.08958333333333333 0.3890625 0.08333333333333333