0 0.465625 0.134375 0.028125 0.05
0 0.4578125 0.058333333333333334 0.028125 0.05416666666666667
0 0.490625 0.6052083333333333 0.028125 0.05
0 0.5015625 0.065625 0.0265625 0.05416666666666667
0 0.5390625 0.6927083333333334 0.028125 0.05416666666666667
0 0.46328125 0.20520833333333333 0.0265625 0.05416666666666667
0 0.6828125 0.036458333333333336 0.0265625 0.052083333333333336
0 0.7203125 0.057291666666666664 0.0265625 0.05
0 0.73203125 0.4427083333333333 0.0296875 0.04583333333333333
0 0.77265625 0.6177083333333333 0.03125 0.05416666666666667
0 0.7421875 0.24895833333333334 0.028125 0.05
0 0.8328125 0.23020833333333332 0.028125 0.05
0 0.703125 0.134375 0.0265625 0.05
0 0.7359375 0.31666666666666665 0.028125 0.05
0 0.7828125 0.365625 0.028125 0.05
0 0.5 0.7947916666666667 0.0296875 0.05416666666666667
0 0.275 0.3885416666666667 0.03125 0.058333333333333334
0 0.43125 0.37083333333333335 0.028125 0.05