0 0.85234375 0.5322916666666667 0.04375 0.03958333333333333
0 0.703125 0.9333333333333333 0.040625 0.041666666666666664
0 0.85 0.5958333333333333 0.04375 0.03958333333333333
0 0.59609375 0.28229166666666666 0.04375 0.04583333333333333
0 0.85078125 0.48020833333333335 0.04375 0.03958333333333333
0 0.2671875 0.6604166666666667 0.04375 0.041666666666666664
0 0.44765625 0.3 0.04375 0.04583333333333333
0 0.73046875 0.5510416666666667 0.04375 0.03958333333333333
0 0.609375 0.984375 0.040625 0.03125
0 0.61484375 0.7510416666666667 0.040625 0.041666666666666664
0 0.54609375 0.6958333333333333 0.0375 0.03958333333333333
0 0.85234375 0.665625 0.04375 0.03958333333333333
0 0.47265625 0.5645833333333333 0.040625 0.0375
0 0.40859375 0.5833333333333334 0.0375 0.0375
0 0.25703125 0.525 0.040625 0.03958333333333333
0 0.66640625 0.5552083333333333 0.040625 0.0375
0 0.73828125 0.79375 0.040625 0.041666666666666664
0 0.271875 0.7114583333333333 0.04375 0.041666666666666664
0 0.64921875 0.9229166666666667 0.040625 0.041666666666666664
0 0.8578125 0.9052083333333333 0.034375 0.03958333333333333
0 0.26484375 0.5875 0.04375 0.041666666666666664
0 0.86640625 0.853125 0.0171875 0.03958333333333333