0 0.5796875 0.03229166666666667 0.0296875 0.05416666666666667
0 0.4953125 0.028125 0.03125 0.05416666666666667
0 0.6921875 0.33645833333333336 0.03125 0.05416666666666667
0 0.53359375 0.028125 0.028125 0.05416666666666667
0 0.65859375 0.5135416666666667 0.03125 0.05
0 0.63125 0.029166666666666667 0.03125 0.058333333333333334
0 0.54765625 0.18645833333333334 0.028125 0.058333333333333334
0 0.728125 0.17916666666666667 0.03125 0.05416666666666667
0 0.3484375 0.36041666666666666 0.03125 0.058333333333333334
0 0.6265625 0.7989583333333333 0.03125 0.058333333333333334
0 0.5265625 0.8114583333333333 0.0296875 0.058333333333333334
0 0.66640625 0.796875 0.03125 0.058333333333333334
0 0.5734375 0.8041666666666667 0.03125 0.058333333333333334
0 0.5515625 0.5104166666666666 0.028125 0.05
0 0.46953125 0.8239583333333333 0.03125 0.058333333333333334
0 0.3609375 0.5552083333333333 0.03125 0.05416666666666667
0 0.7703125 0.0125 0.0296875 0.025
0 0.9296875 0.20416666666666666 0.03125 0.05416666666666667
0 0.8109375 0.022916666666666665 0.03125 0.04583333333333333
0 0.83125 0.228125 0.03125 0.05416666666666667
0 0.875 0.35104166666666664 0.03125 0.05416666666666667
0 0.825 0.29583333333333334 0.03125 0.05416666666666667