0 0.54296875 0.309375 0.040625 0.041666666666666664
0 0.496875 0.18125 0.040625 0.04375
0 0.83984375 0.5260416666666666 0.04375 0.03958333333333333
0 0.721875 0.45625 0.040625 0.0375
0 0.84296875 0.475 0.040625 0.0375
0 0.26640625 0.34270833333333334 0.04375 0.041666666666666664
0 0.83984375 0.4125 0.04375 0.0375
0 0.84375 0.34375 0.040625 0.0375
0 0.58671875 0.71875 0.04375 0.04375
0 0.61328125 0.25625 0.040625 0.041666666666666664
0 0.61328125 0.19791666666666666 0.0375 0.041666666666666664
0 0.40703125 0.41875 0.0375 0.0375
0 0.65859375 0.45208333333333334 0.040625 0.0375
0 0.27109375 0.2916666666666667 0.04375 0.041666666666666664
0 0.25546875 0.47708333333333336 0.04375 0.041666666666666664
0 0.2625 0.415625 0.04375 0.041666666666666664
0 0.44296875 0.7020833333333333 0.04375 0.04583333333333333
0 0.69921875 0.075 0.040625 0.041666666666666664
0 0.8625 0.15833333333333333 0.025 0.041666666666666664
0 0.85390625 0.10625 0.040625 0.03958333333333333
0 0.6078125 0.01875 0.040625 0.0375
0 0.64765625 0.08333333333333333 0.040625 0.041666666666666664