0 0.8 0.3125 0.809375 0.32083333333333336 0.8109375 0.32916666666666666 0.809375 0.33541666666666664 0.803125 0.34375 0.790625 0.35 0.7734375 0.34791666666666665 0.7671875 0.3375 0.7671875 0.33125 0.778125 0.3145833333333333 0.7890625 0.3104166666666667 0.796875 0.3104166666666667 0.7984375 0.3125
0 0.5953125 0.7125 0.603125 0.7166666666666667 0.609375 0.725 0.6109375 0.73125 0.609375 0.74375 0.5984375 0.7520833333333333 0.5875 0.7520833333333333 0.578125 0.7458333333333333 0.5734375 0.7354166666666667 0.5734375 0.7270833333333333 0.5796875 0.7166666666666667 0.5859375 0.7125 0.59375 0.7125
0 0.6671875 0.45 0.675 0.4583333333333333 0.675 0.4708333333333333 0.671875 0.47708333333333336 0.6625 0.48333333333333334 0.646875 0.48333333333333334 0.640625 0.4791666666666667 0.6359375 0.47291666666666665 0.6359375 0.4625 0.6453125 0.45 0.6515625 0.4479166666666667 0.665625 0.45
0 0.803125 0.4479166666666667 0.8125 0.46041666666666664 0.8125 0.46875 0.80625 0.4791666666666667 0.79375 0.48333333333333334 0.7828125 0.48333333333333334 0.7734375 0.4791666666666667 0.76875 0.4708333333333333 0.76875 0.4625 0.7765625 0.45 0.7875 0.44583333333333336 0.8015625 0.4479166666666667
0 0.7953125 0.18333333333333332 0.8 0.18541666666666667 0.80625 0.19375 0.80625 0.20416666666666666 0.8 0.21458333333333332 0.790625 0.22291666666666668 0.7828125 0.225 0.7671875 0.21875 0.7640625 0.2125 0.7640625 0.20208333333333334 0.7734375 0.1875 0.7796875 0.18333333333333332 0.79375 0.18333333333333332
0 0.5984375 0.45208333333333334 0.60625 0.4583333333333333 0.6078125 0.47291666666666665 0.603125 0.48125 0.590625 0.4875 0.5765625 0.48125 0.571875 0.475 0.5703125 0.46875 0.571875 0.4625 0.578125 0.45416666666666666 0.596875 0.45208333333333334
0 0.2125 0.20833333333333334 0.225 0.21666666666666667 0.2296875 0.22708333333333333 0.228125 0.2375 0.221875 0.24583333333333332 0.215625 0.24791666666666667 0.1984375 0.24166666666666667 0.1890625 0.22916666666666666 0.1890625 0.22291666666666668 0.1921875 0.21458333333333332 0.2 0.20833333333333334 0.2109375 0.20833333333333334
0 0.665625 0.25416666666666665 0.671875 0.2604166666666667 0.6734375 0.27291666666666664 0.66875 0.2833333333333333 0.65625 0.2916666666666667 0.6453125 0.2916666666666667 0.6390625 0.2875 0.6359375 0.2833333333333333 0.634375 0.27291666666666664 0.6390625 0.2604166666666667 0.6484375 0.2520833333333333 0.6625 0.2520833333333333 0.6640625 0.25416666666666665
0 0.471875 0.5145833333333333 0.478125 0.5229166666666667 0.478125 0.5375 0.46875 0.5458333333333333 0.4546875 0.5458333333333333 0.4453125 0.5375 0.44375 0.5291666666666667 0.4484375 0.51875 0.4578125 0.5125 0.4703125 0.5145833333333333
0 0.2125 0.33541666666666664 0.21875 0.33958333333333335 0.225 0.35 0.2234375 0.35833333333333334 0.2171875 0.36666666666666664 0.2125 0.36875 0.1953125 0.36666666666666664 0.1890625 0.3625 0.184375 0.3541666666666667 0.184375 0.34375 0.1921875 0.3333333333333333 0.2046875 0.33125 0.2109375 0.33541666666666664
0 0.4 0.2 0.40625 0.20416666666666666 0.4109375 0.21666666666666667 0.409375 0.22916666666666666 0.4 0.2375 0.384375 0.23541666666666666 0.3765625 0.22708333333333333 0.3734375 0.21875 0.3734375 0.21458333333333332 0.3796875 0.20208333333333334 0.3984375 0.2
0 0.3375 0.5833333333333334 0.34375 0.59375 0.34375 0.6 0.334375 0.6125 0.3171875 0.6125 0.30625 0.6020833333333333 0.30625 0.5958333333333333 0.3140625 0.5833333333333334 0.321875 0.5791666666666667 0.3296875 0.5791666666666667 0.3359375 0.5833333333333334
0 0.4 0.45625 0.409375 0.4666666666666667 0.409375 0.4791666666666667 0.4 0.4895833333333333 0.38125 0.4875 0.371875 0.475 0.371875 0.46875 0.3765625 0.46041666666666664 0.3890625 0.45416666666666666 0.3984375 0.45625
0 0.4046875 0.58125 0.4125 0.5875 0.415625 0.5979166666666667 0.4125 0.6083333333333333 0.4078125 0.6125 0.4 0.6145833333333334 0.390625 0.6145833333333334 0.3828125 0.6083333333333333 0.3796875 0.6041666666666666 0.3796875 0.5958333333333333 0.3828125 0.5895833333333333 0.3921875 0.58125 0.403125 0.58125
0 0.215625 0.46041666666666664 0.225 0.4666666666666667 0.228125 0.47291666666666665 0.228125 0.48125 0.225 0.4875 0.2125 0.49375 0.1921875 0.4895833333333333 0.1875 0.48333333333333334 0.1859375 0.47291666666666665 0.1921875 0.4625 0.1984375 0.4583333333333333 0.2140625 0.46041666666666664
0 0.2109375 0.38958333333333334 0.221875 0.3958333333333333 0.2265625 0.40625 0.225 0.4166666666666667 0.2203125 0.42291666666666666 0.215625 0.425 0.1984375 0.425 0.1859375 0.41458333333333336 0.1859375 0.4 0.1890625 0.39375 0.1953125 0.38958333333333334 0.209375 0.38958333333333334
0 0.675 0.58125 0.68125 0.5895833333333333 0.68125 0.6020833333333333 0.678125 0.6083333333333333 0.6625 0.6145833333333334 0.6484375 0.6083333333333333 0.64375 0.6020833333333333 0.6421875 0.5916666666666667 0.6515625 0.5791666666666667 0.6671875 0.5770833333333333 0.6734375 0.58125
0 0.5296875 0.5145833333333333 0.5375 0.5208333333333334 0.540625 0.5270833333333333 0.540625 0.5354166666666667 0.5375 0.5416666666666666 0.5296875 0.5479166666666667 0.5140625 0.5458333333333333 0.5046875 0.5333333333333333 0.5046875 0.5291666666666667 0.5109375 0.5166666666666667 0.5140625 0.5145833333333333 0.528125 0.5145833333333333
0 0.796875 0.38125 0.809375 0.38958333333333334 0.8109375 0.40208333333333335 0.8046875 0.4125 0.7890625 0.41875 0.7734375 0.4166666666666667 0.7671875 0.4083333333333333 0.7671875 0.39791666666666664 0.771875 0.38958333333333334 0.7796875 0.38333333333333336 0.7953125 0.38125
0 0.53125 0.325 0.5375 0.33125 0.5390625 0.3458333333333333 0.5328125 0.35625 0.525 0.36041666666666666 0.5109375 0.35833333333333334 0.5046875 0.35 0.503125 0.33958333333333335 0.50625 0.32916666666666666 0.5109375 0.325 0.515625 0.3229166666666667 0.5296875 0.325
0 0.2109375 0.5166666666666667 0.221875 0.5229166666666667 0.225 0.53125 0.225 0.5375 0.21875 0.5479166666666667 0.209375 0.5520833333333334 0.19375 0.5520833333333334 0.1875 0.5479166666666667 0.1828125 0.5395833333333333 0.1828125 0.53125 0.1859375 0.5229166666666667 0.190625 0.51875 0.209375 0.5166666666666667
0 0.3890625 0.71875 0.403125 0.7166666666666667 0.4125 0.7229166666666667 0.415625 0.7291666666666666 0.415625 0.7416666666666667 0.4125 0.7479166666666667 0.4046875 0.7541666666666667 0.396875 0.75625 0.3890625 0.7541666666666667 0.384375 0.7520833333333333 0.3796875 0.7458333333333333 0.3796875 0.7333333333333333 0.3890625 0.7208333333333333
0 0.809375 0.5104166666666666 0.815625 0.51875 0.815625 0.5291666666666667 0.8125 0.5354166666666667 0.803125 0.5416666666666666 0.7796875 0.5395833333333333 0.7734375 0.5333333333333333 0.771875 0.5208333333333334 0.775 0.5145833333333333 0.7875 0.50625 0.8015625 0.50625 0.8078125 0.5104166666666666
0 0.596875 0.19166666666666668 0.603125 0.19791666666666666 0.603125 0.2125 0.590625 0.22916666666666666 0.575 0.22916666666666666 0.5703125 0.225 0.5671875 0.21875 0.5671875 0.20208333333333334 0.5765625 0.18958333333333333 0.584375 0.18958333333333333 0.5859375 0.1875 0.5953125 0.19166666666666668
0 0.8 0.575 0.80625 0.58125 0.809375 0.5875 0.809375 0.59375 0.80625 0.6020833333333333 0.7921875 0.6104166666666667 0.7796875 0.6083333333333333 0.771875 0.6041666666666666 0.7640625 0.59375 0.7640625 0.5875 0.7671875 0.5791666666666667 0.7765625 0.5729166666666666 0.7890625 0.5708333333333333 0.7984375 0.575
0 0.334375 0.4583333333333333 0.346875 0.46875 0.346875 0.48333333333333334 0.340625 0.49166666666666664 0.3203125 0.49166666666666664 0.3140625 0.4875 0.3078125 0.47708333333333336 0.3078125 0.47291666666666665 0.3140625 0.4625 0.321875 0.4583333333333333 0.3328125 0.4583333333333333
0 0.8109375 0.7145833333333333 0.81875 0.7208333333333333 0.825 0.73125 0.825 0.7416666666666667 0.8125 0.7541666666666667 0.8046875 0.7541666666666667 0.7921875 0.7479166666666667 0.7796875 0.73125 0.7828125 0.71875 0.7890625 0.7145833333333333 0.79375 0.7125 0.8078125 0.7125 0.809375 0.7145833333333333
0 0.4609375 0.45208333333333334 0.46875 0.4583333333333333 0.471875 0.46458333333333335 0.471875 0.47708333333333336 0.4640625 0.48541666666666666 0.4484375 0.48541666666666666 0.4359375 0.47291666666666665 0.4359375 0.46458333333333335 0.4390625 0.4583333333333333 0.4484375 0.45208333333333334 0.459375 0.45208333333333334
0 0.403125 0.325 0.4125 0.3375 0.4125 0.34791666666666665 0.409375 0.3541666666666667 0.4 0.36041666666666666 0.3890625 0.36041666666666666 0.3828125 0.35625 0.3765625 0.34791666666666665 0.375 0.33958333333333335 0.3765625 0.3333333333333333 0.3859375 0.3229166666666667 0.4 0.3229166666666667 0.4015625 0.325
0 0.334375 0.7020833333333333 0.340625 0.7104166666666667 0.3421875 0.71875 0.340625 0.725 0.334375 0.7333333333333333 0.321875 0.7416666666666667 0.3078125 0.7354166666666667 0.3015625 0.725 0.303125 0.7166666666666667 0.3078125 0.7083333333333334 0.3140625 0.7041666666666667 0.3234375 0.7 0.3328125 0.7020833333333333
0 0.6 0.58125 0.60625 0.5854166666666667 0.609375 0.59375 0.609375 0.6020833333333333 0.60625 0.6083333333333333 0.59375 0.6145833333333334 0.5875 0.6145833333333334 0.5796875 0.6104166666666667 0.5734375 0.6020833333333333 0.5734375 0.5895833333333333 0.5828125 0.5791666666666667 0.596875 0.5791666666666667 0.5984375 0.58125
0 0.2140625 0.7083333333333334 0.21875 0.7145833333333333 0.21875 0.7270833333333333 0.2109375 0.7375 0.2015625 0.74375 0.1890625 0.74375 0.1796875 0.7375 0.1765625 0.7291666666666666 0.1765625 0.7229166666666667 0.1875 0.7083333333333334 0.1953125 0.70625 0.2109375 0.70625 0.2125 0.7083333333333334