0 0.4140625 0.09270833333333334 0.02578125 0.05416666666666667
0 0.40625 0.8208333333333333 0.0296875 0.05520833333333333
0 0.14375 0.43020833333333336 0.03046875 0.051041666666666666
0 0.4640625 0.5302083333333333 0.02734375 0.04895833333333333
0 0.559375 0.81875 0.03046875 0.057291666666666664
0 0.365625 0.09479166666666666 0.02734375 0.053125
0 0.3625 0.5520833333333334 0.028125 0.051041666666666666
0 0.18046875 0.3072916666666667 0.0296875 0.053125
0 0.5046875 0.815625 0.02890625 0.05520833333333333
0 0.49375 0.078125 0.02734375 0.053125
0 0.36875 0.821875 0.0296875 0.057291666666666664
0 0.4515625 0.23020833333333332 0.02734375 0.051041666666666666
0 0.45625 0.07916666666666666 0.02578125 0.053125
0 0.28125 0.246875 0.02890625 0.051041666666666666
0 0.64375 0.46145833333333336 0.03203125 0.05416666666666667
0 0.190625 0.371875 0.03046875 0.05
0 0.45859375 0.8145833333333333 0.028125 0.05416666666666667
0 0.23046875 0.084375 0.028125 0.051041666666666666
0 0.30625 0.8177083333333334 0.03046875 0.057291666666666664
0 0.0828125 0.2989583333333333 0.03046875 0.051041666666666666
0 0.24765625 0.013541666666666667 0.0265625 0.027083333333333334
0 0.19296875 0.109375 0.028125 0.051041666666666666