0 0.5265625 0.8947916666666667 0.028125 0.058333333333333334
0 0.3890625 0.8927083333333333 0.0296875 0.05416666666666667
0 0.68046875 0.6364583333333333 0.0296875 0.05416666666666667
0 0.4828125 0.890625 0.028125 0.05416666666666667
0 0.6765625 0.8135416666666667 0.03125 0.058333333333333334
0 0.29140625 0.6427083333333333 0.03125 0.05416666666666667
0 0.34375 0.8927083333333333 0.03125 0.05416666666666667
0 0.48515625 0.8104166666666667 0.028125 0.05416666666666667
0 0.57578125 0.6364583333333333 0.0265625 0.05
0 0.4828125 0.7302083333333333 0.028125 0.05416666666666667
0 0.67734375 0.7260416666666667 0.03125 0.058333333333333334
0 0.2828125 0.3854166666666667 0.0328125 0.058333333333333334
0 0.4765625 0.46979166666666666 0.028125 0.05
0 0.425 0.209375 0.03125 0.058333333333333334
0 0.375 0.11354166666666667 0.03125 0.058333333333333334
0 0.34296875 0.815625 0.0296875 0.05416666666666667
0 0.57109375 0.10520833333333333 0.0296875 0.058333333333333334
0 0.5203125 0.10520833333333333 0.028125 0.058333333333333334
0 0.6765625 0.37395833333333334 0.0296875 0.052083333333333336
0 0.325 0.12916666666666668 0.03125 0.058333333333333334
0 0.5765625 0.46458333333333335 0.0265625 0.05
0 0.475 0.11145833333333334 0.03125 0.058333333333333334
0 0.48046875 0.5552083333333333 0.0265625 0.05
0 0.4265625 0.11354166666666667 0.028125 0.05416666666666667
0 0.575 0.28541666666666665 0.028125 0.05416666666666667
0 0.52421875 0.29270833333333335 0.0296875 0.05416666666666667
0 0.6265625 0.19895833333333332 0.028125 0.058333333333333334