0 0.63515625 0.8239583333333333 0.04375 0.04375
0 0.70546875 0.55625 0.046875 0.041666666666666664
0 0.70234375 0.75625 0.046875 0.04583333333333333
0 0.83828125 0.5479166666666667 0.05 0.04375
0 0.83515625 0.6166666666666667 0.046875 0.041666666666666664
0 0.84765625 0.7416666666666667 0.05 0.04375
0 0.57109375 0.7 0.04375 0.041666666666666664
0 0.71328125 0.690625 0.046875 0.04375
0 0.85078125 0.39895833333333336 0.0484375 0.04375
0 0.64765625 0.25416666666666665 0.046875 0.05
0 0.8390625 0.48125 0.05 0.041666666666666664
0 0.83984375 0.6864583333333333 0.046875 0.04375
0 0.6328125 0.5510416666666667 0.04375 0.041666666666666664
0 0.71015625 0.4041666666666667 0.046875 0.041666666666666664
0 0.18671875 0.709375 0.053125 0.04791666666666667
0 0.42265625 0.7041666666666667 0.04375 0.04583333333333333
0 0.17734375 0.5020833333333333 0.053125 0.04375
0 0.18359375 0.6520833333333333 0.05 0.04583333333333333
0 0.19375 0.7833333333333333 0.05 0.05
0 0.55859375 0.4895833333333333 0.04375 0.041666666666666664
0 0.42734375 0.8520833333333333 0.04375 0.04791666666666667
0 0.1734375 0.41041666666666665 0.053125 0.04583333333333333
0 0.17109375 0.24583333333333332 0.053125 0.05416666666666667
0 0.409375 0.4083333333333333 0.046875 0.04583333333333333
0 0.27578125 0.7916666666666666 0.046875 0.05
0 0.17421875 0.31666666666666665 0.053125 0.05
0 0.40078125 0.26145833333333335 0.05 0.052083333333333336
0 0.49609375 0.559375 0.040625 0.03958333333333333
0 0.1828125 0.5729166666666666 0.05 0.04583333333333333
0 0.34765625 0.41041666666666665 0.046875 0.04583333333333333