0 0.3640625 0.7479166666666667 0.3734375 0.7583333333333333 0.3734375 0.7708333333333334 0.3609375 0.7875 0.3421875 0.7854166666666667 0.334375 0.775 0.334375 0.7645833333333333 0.34375 0.75 0.3625 0.7479166666666667
0 0.1625 0.21875 0.1765625 0.22916666666666666 0.1796875 0.23541666666666666 0.1796875 0.24791666666666667 0.1765625 0.25416666666666665 0.165625 0.2604166666666667 0.14375 0.25416666666666665 0.1375 0.24791666666666667 0.134375 0.2375 0.1375 0.225 0.1421875 0.22083333333333333 0.1515625 0.21666666666666667 0.1609375 0.21875
0 0.3625 0.49375 0.3703125 0.4979166666666667 0.3765625 0.50625 0.378125 0.5125 0.378125 0.5166666666666667 0.3734375 0.525 0.3625 0.53125 0.3453125 0.5291666666666667 0.3375 0.5208333333333334 0.3359375 0.5125 0.3375 0.50625 0.34375 0.4979166666666667 0.353125 0.49375 0.3609375 0.49375
0 0.7875 0.20625 0.7953125 0.20833333333333334 0.8015625 0.21458333333333332 0.8046875 0.22083333333333333 0.8046875 0.23333333333333334 0.7984375 0.24375 0.790625 0.25 0.778125 0.25416666666666665 0.7671875 0.2520833333333333 0.759375 0.24375 0.7578125 0.2375 0.759375 0.225 0.76875 0.2125 0.7859375 0.20625
0 0.5796875 0.22083333333333333 0.5890625 0.22708333333333333 0.5921875 0.23333333333333334 0.5921875 0.2520833333333333 0.5859375 0.2625 0.5765625 0.26666666666666666 0.56875 0.26666666666666666 0.5609375 0.2625 0.553125 0.2520833333333333 0.5515625 0.23958333333333334 0.553125 0.23333333333333334 0.559375 0.225 0.5671875 0.22083333333333333 0.578125 0.22083333333333333
0 0.425 0.6333333333333333 0.4328125 0.6395833333333333 0.4359375 0.65 0.4265625 0.6666666666666666 0.41875 0.6708333333333333 0.409375 0.6708333333333333 0.4 0.6666666666666666 0.3953125 0.65625 0.3953125 0.6458333333333334 0.4 0.6375 0.40625 0.6333333333333333 0.4234375 0.6333333333333333
0 0.6890625 0.7125 0.6953125 0.7166666666666667 0.7046875 0.7333333333333333 0.7046875 0.7416666666666667 0.7015625 0.7479166666666667 0.690625 0.7541666666666667 0.6828125 0.7541666666666667 0.671875 0.7479166666666667 0.665625 0.7354166666666667 0.665625 0.7270833333333333 0.66875 0.71875 0.6796875 0.7125 0.6875 0.7125
0 0.1734375 0.6229166666666667 0.1828125 0.63125 0.184375 0.6416666666666667 0.1828125 0.6479166666666667 0.1765625 0.6541666666666667 0.1640625 0.6604166666666667 0.1546875 0.6604166666666667 0.146875 0.65625 0.140625 0.6458333333333334 0.140625 0.6375 0.146875 0.6270833333333333 0.1546875 0.6229166666666667 0.1640625 0.6229166666666667 0.165625 0.6208333333333333 0.171875 0.6229166666666667
0 0.1828125 0.5583333333333333 0.1875 0.56875 0.1859375 0.5791666666666667 0.18125 0.5854166666666667 0.1671875 0.5916666666666667 0.1578125 0.5916666666666667 0.15 0.5875 0.14375 0.5770833333333333 0.14375 0.5666666666666667 0.146875 0.5604166666666667 0.1609375 0.5541666666666667 0.175 0.5541666666666667 0.18125 0.5583333333333333
0 0.6375 0.2833333333333333 0.6421875 0.28541666666666665 0.6515625 0.29791666666666666 0.6515625 0.30833333333333335 0.6453125 0.32083333333333336 0.6359375 0.32708333333333334 0.621875 0.32708333333333334 0.615625 0.3229166666666667 0.609375 0.3104166666666667 0.609375 0.3020833333333333 0.615625 0.28958333333333336 0.628125 0.2833333333333333 0.6359375 0.2833333333333333
0 0.3046875 0.6854166666666667 0.3109375 0.6916666666666667 0.3125 0.7020833333333333 0.3109375 0.7083333333333334 0.3046875 0.7166666666666667 0.2953125 0.7229166666666667 0.28125 0.7229166666666667 0.278125 0.7208333333333333 0.271875 0.7125 0.2703125 0.7020833333333333 0.275 0.6916666666666667 0.2875 0.6833333333333333 0.303125 0.6854166666666667
0 0.7765625 0.5875 0.7859375 0.59375 0.7921875 0.6041666666666666 0.7921875 0.6104166666666667 0.7890625 0.61875 0.7796875 0.6270833333333333 0.7625 0.625 0.75 0.6145833333333334 0.75 0.6104166666666667 0.746875 0.60625 0.746875 0.6 0.7546875 0.5895833333333333 0.765625 0.5854166666666667 0.775 0.5875
0 0.6328125 0.5104166666666666 0.6390625 0.5166666666666667 0.64375 0.53125 0.6390625 0.5395833333333333 0.6296875 0.5458333333333333 0.6140625 0.54375 0.60625 0.5354166666666667 0.6046875 0.525 0.6078125 0.5166666666666667 0.615625 0.5104166666666666 0.621875 0.5083333333333333 0.6296875 0.5083333333333333 0.63125 0.5104166666666666
0 0.534375 0.6645833333333333 0.53125 0.6583333333333333 0.53125 0.65 0.5375 0.6395833333333333 0.54375 0.6354166666666666 0.5625 0.6375 0.56875 0.65 0.56875 0.6583333333333333 0.5578125 0.6729166666666667 0.54375 0.6729166666666667 0.5375 0.66875 0.5359375 0.6645833333333333
0 0.7765625 0.5125 0.7859375 0.51875 0.7921875 0.5291666666666667 0.7890625 0.5416666666666666 0.78125 0.55 0.7625 0.55 0.753125 0.54375 0.746875 0.5333333333333333 0.746875 0.5291666666666667 0.753125 0.5166666666666667 0.7609375 0.5125 0.775 0.5125
0 0.7890625 0.45 0.7953125 0.45625 0.7984375 0.46875 0.7953125 0.47708333333333336 0.78125 0.48541666666666666 0.7671875 0.48541666666666666 0.759375 0.48125 0.753125 0.47291666666666665 0.753125 0.4583333333333333 0.765625 0.4479166666666667 0.7859375 0.4479166666666667 0.7875 0.45
0 0.2890625 0.6229166666666667 0.2984375 0.6291666666666667 0.3015625 0.6333333333333333 0.303125 0.6416666666666667 0.2984375 0.6520833333333333 0.2875 0.6604166666666667 0.2703125 0.6604166666666667 0.2625 0.6520833333333333 0.259375 0.6416666666666667 0.2625 0.6333333333333333 0.26875 0.6270833333333333 0.2796875 0.6229166666666667 0.2875 0.6229166666666667
0 0.765625 0.6375 0.7828125 0.64375 0.7875 0.65625 0.7859375 0.66875 0.78125 0.675 0.7734375 0.6791666666666667 0.7578125 0.6770833333333334 0.7515625 0.6729166666666667 0.74375 0.6604166666666667 0.74375 0.65 0.7484375 0.6416666666666667 0.75625 0.6375 0.7640625 0.6375
0 0.3015625 0.5 0.3078125 0.50625 0.309375 0.5208333333333334 0.3046875 0.5291666666666667 0.2921875 0.5354166666666667 0.284375 0.5354166666666667 0.275 0.53125 0.26875 0.5229166666666667 0.26875 0.5083333333333333 0.2734375 0.5020833333333333 0.28125 0.4979166666666667 0.2984375 0.4979166666666667 0.3 0.5
0 0.4296875 0.36666666666666664 0.4390625 0.3729166666666667 0.44375 0.38333333333333336 0.4421875 0.3958333333333333 0.4375 0.40208333333333335 0.4328125 0.4041666666666667 0.415625 0.4041666666666667 0.40625 0.39791666666666664 0.403125 0.39166666666666666 0.403125 0.37916666666666665 0.40625 0.3729166666666667 0.4140625 0.36666666666666664 0.421875 0.3645833333333333 0.428125 0.36666666666666664
0 0.1703125 0.4270833333333333 0.1828125 0.4354166666666667 0.1859375 0.44166666666666665 0.1859375 0.45208333333333334 0.1828125 0.4583333333333333 0.1671875 0.46458333333333335 0.15 0.4625 0.1421875 0.45 0.1421875 0.4375 0.14375 0.43333333333333335 0.1546875 0.4270833333333333 0.16875 0.4270833333333333
0 0.5484375 0.7708333333333334 0.55625 0.775 0.5640625 0.7895833333333333 0.5609375 0.80625 0.553125 0.8145833333333333 0.534375 0.8125 0.528125 0.80625 0.525 0.7979166666666667 0.525 0.7895833333333333 0.528125 0.7791666666666667 0.534375 0.7729166666666667 0.546875 0.7708333333333334
0 0.7640625 0.70625 0.771875 0.7104166666666667 0.7796875 0.7208333333333333 0.7796875 0.7354166666666667 0.775 0.74375 0.76875 0.7479166666666667 0.75625 0.7479166666666667 0.75 0.74375 0.740625 0.7333333333333333 0.7375 0.725 0.7375 0.71875 0.74375 0.7083333333333334 0.7625 0.70625
0 0.565625 0.36041666666666666 0.5734375 0.36666666666666664 0.5765625 0.3729166666666667 0.5765625 0.3875 0.5640625 0.4 0.55 0.4 0.5375 0.3875 0.5375 0.3729166666666667 0.540625 0.36666666666666664 0.55 0.36041666666666666 0.5640625 0.36041666666666666
0 0.7875 0.27291666666666664 0.7984375 0.2791666666666667 0.8015625 0.2833333333333333 0.803125 0.29375 0.7953125 0.3104166666666667 0.7875 0.3125 0.7828125 0.31666666666666665 0.7671875 0.31666666666666665 0.7640625 0.3145833333333333 0.75625 0.30625 0.7546875 0.29375 0.759375 0.2833333333333333 0.7640625 0.2791666666666667 0.775 0.27291666666666664 0.7859375 0.27291666666666664
0 0.1625 0.6708333333333333 0.1671875 0.6729166666666667 0.1734375 0.68125 0.175 0.6895833333333333 0.1734375 0.6958333333333333 0.16875 0.7020833333333333 0.165625 0.7020833333333333 0.1546875 0.7104166666666667 0.146875 0.7104166666666667 0.1375 0.70625 0.1328125 0.6979166666666666 0.1328125 0.6854166666666667 0.1359375 0.6791666666666667 0.1421875 0.675 0.1609375 0.6708333333333333
0 0.5578125 0.5104166666666666 0.5640625 0.5166666666666667 0.5671875 0.5270833333333333 0.5609375 0.5395833333333333 0.5515625 0.5458333333333333 0.5390625 0.54375 0.5328125 0.5395833333333333 0.528125 0.5291666666666667 0.528125 0.5208333333333334 0.540625 0.5083333333333333 0.5546875 0.5083333333333333 0.55625 0.5104166666666666
0 0.784375 0.3625 0.796875 0.36875 0.8015625 0.375 0.8015625 0.3875 0.7953125 0.39791666666666664 0.7828125 0.4041666666666667 0.765625 0.40208333333333335 0.75625 0.39166666666666666 0.75625 0.3770833333333333 0.7609375 0.37083333333333335 0.7703125 0.3645833333333333 0.7828125 0.3625
0 0.1703125 0.4895833333333333 0.178125 0.49375 0.1859375 0.5020833333333333 0.1859375 0.5145833333333333 0.178125 0.5229166666666667 0.165625 0.5270833333333333 0.15625 0.5270833333333333 0.1484375 0.5229166666666667 0.1421875 0.5125 0.1421875 0.5041666666666667 0.14375 0.4979166666666667 0.1515625 0.49166666666666664 0.16875 0.4895833333333333
0 0.2921875 0.28541666666666665 0.2984375 0.28958333333333336 0.3078125 0.30625 0.30625 0.3145833333333333 0.2953125 0.325 0.278125 0.3229166666666667 0.26875 0.31666666666666665 0.2625 0.30416666666666664 0.265625 0.2916666666666667 0.2703125 0.28541666666666665 0.275 0.2833333333333333 0.2890625 0.2833333333333333 0.290625 0.28541666666666665
0 0.2984375 0.3625 0.3109375 0.375 0.3109375 0.3875 0.3078125 0.39375 0.3015625 0.39791666666666664 0.28125 0.39791666666666664 0.26875 0.3875 0.2671875 0.3770833333333333 0.26875 0.37083333333333335 0.278125 0.36041666666666666 0.2953125 0.36041666666666666 0.296875 0.3625
0 0.3515625 0.21458333333333332 0.3640625 0.22916666666666666 0.365625 0.2375 0.3640625 0.24791666666666667 0.3546875 0.25625 0.3421875 0.25625 0.328125 0.24791666666666667 0.321875 0.23333333333333334 0.3234375 0.225 0.328125 0.21666666666666667 0.334375 0.2125 0.3484375 0.2125 0.35 0.21458333333333332