0 0.46875 0.190625 0.025 0.05
0 0.678125 0.08333333333333333 0.025 0.05
0 0.4609375 0.11770833333333333 0.025 0.04583333333333333
0 0.715625 0.10104166666666667 0.025 0.05
0 0.65625 0.016666666666666666 0.025 0.03333333333333333
0 0.5015625 0.121875 0.025 0.05
0 0.4671875 0.259375 0.0265625 0.05
0 0.83203125 0.2604166666666667 0.0296875 0.05
0 0.540625 0.7229166666666667 0.028125 0.05416666666666667
0 0.5 0.7270833333333333 0.028125 0.05
0 0.73125 0.475 0.028125 0.05
0 0.69921875 0.17604166666666668 0.0265625 0.04583333333333333
0 0.7734375 0.6447916666666667 0.03125 0.05416666666666667
0 0.78203125 0.39479166666666665 0.0296875 0.05
0 0.51953125 0.03229166666666667 0.025 0.05
0 0.2890625 0.43854166666666666 0.03125 0.05
0 0.73828125 0.2864583333333333 0.0265625 0.05
0 0.7328125 0.35104166666666664 0.028125 0.05
0 0.503125 0.8229166666666666 0.028125 0.05416666666666667
0 0.4359375 0.4166666666666667 0.028125 0.04583333333333333
0 0.4546875 0.007291666666666667 0.021875 0.014583333333333334
0 0.40234375 0.007291666666666667 0.0234375 0.014583333333333334