0 0.3390625 0.08333333333333333 0.02421875 0.046875
0 0.5125 0.10520833333333333 0.025 0.046875
0 0.1921875 0.2604166666666667 0.02578125 0.04583333333333333
0 0.4125 0.6364583333333333 0.03046875 0.051041666666666666
0 0.546875 0.2520833333333333 0.02734375 0.051041666666666666
0 0.3625 0.017708333333333333 0.025 0.035416666666666666
0 0.2828125 0.46979166666666666 0.02890625 0.04895833333333333
0 0.5453125 0.18229166666666666 0.02578125 0.05
0 0.5046875 0.7635416666666667 0.02890625 0.05416666666666667
0 0.6375 0.2635416666666667 0.03046875 0.05416666666666667
0 0.3046875 0.10416666666666667 0.025 0.046875
0 0.44765625 0.8333333333333334 0.03125 0.058333333333333334
0 0.31875 0.17395833333333333 0.025 0.04583333333333333
0 0.2859375 0.33645833333333336 0.02578125 0.04583333333333333
0 0.28125 0.2677083333333333 0.02578125 0.046875
0 0.26484375 0.315625 0.0265625 0.046875
0 0.2359375 0.39166666666666666 0.02734375 0.046875
0 0.4953125 0.025 0.02578125 0.05
0 0.2375 0.6364583333333333 0.03046875 0.051041666666666666
0 0.5765625 0.4125 0.028125 0.05