0 0.4578125 0.35520833333333335 0.0265625 0.05
0 0.134375 0.396875 0.03125 0.051041666666666666
0 0.18515625 0.35 0.03125 0.053125
0 0.38125 0.11145833333333334 0.02734375 0.05416666666666667
0 0.35859375 0.4125 0.0296875 0.053125
0 0.459375 0.27395833333333336 0.0265625 0.051041666666666666
0 0.2796875 0.3260416666666667 0.03046875 0.051041666666666666
0 0.475 0.121875 0.02734375 0.05416666666666667
0 0.3453125 0.5791666666666667 0.02890625 0.05
0 0.43203125 0.12395833333333334 0.0265625 0.053125
0 0.49375 0.446875 0.028125 0.04895833333333333
0 0.4265625 0.6802083333333333 0.02734375 0.04895833333333333
0 0.5125 0.13020833333333334 0.02734375 0.05416666666666667
0 0.28046875 0.8395833333333333 0.0328125 0.059375
0 0.46484375 0.8822916666666667 0.0296875 0.058333333333333334
0 0.3484375 0.09479166666666666 0.028125 0.051041666666666666
0 0.2484375 0.5552083333333333 0.03359375 0.05416666666666667
0 0.6453125 0.46041666666666664 0.03125 0.05416666666666667
0 0.328125 0.8552083333333333 0.03046875 0.059375
0 0.5515625 0.371875 0.02890625 0.05
0 0.365625 0.8614583333333333 0.03125 0.059375
0 0.63046875 0.6447916666666667 0.03125 0.05416666666666667
0 0.41875 0.8708333333333333 0.03046875 0.058333333333333334