0 0.69765625 0.56875 0.04375 0.041666666666666664
0 0.43984375 0.8510416666666667 0.040625 0.04375
0 0.83828125 0.5510416666666667 0.046875 0.041666666666666664
0 0.62578125 0.5666666666666667 0.040625 0.041666666666666664
0 0.83828125 0.49375 0.05 0.04375
0 0.5671875 0.7083333333333334 0.04375 0.041666666666666664
0 0.83046875 0.6166666666666667 0.046875 0.041666666666666664
0 0.63203125 0.8229166666666666 0.04375 0.04375
0 0.19609375 0.675 0.05 0.041666666666666664
0 0.21328125 0.7916666666666666 0.046875 0.041666666666666664
0 0.42578125 0.7166666666666667 0.04375 0.041666666666666664
0 0.83828125 0.740625 0.04375 0.03958333333333333
0 0.19140625 0.6 0.05 0.041666666666666664
0 0.83125 0.6916666666666667 0.046875 0.041666666666666664
0 0.184375 0.5354166666666667 0.05 0.04583333333333333
0 0.55390625 0.275 0.046875 0.05
0 0.34765625 0.5989583333333334 0.040625 0.041666666666666664
0 0.55078125 0.5104166666666666 0.040625 0.03958333333333333
0 0.62265625 0.425 0.04375 0.041666666666666664
0 0.20390625 0.7270833333333333 0.046875 0.04375
0 0.38828125 0.29270833333333335 0.04375 0.04791666666666667