0 0.55 0.8822916666666667 0.028125 0.05416666666666667
0 0.55078125 0.8072916666666666 0.0296875 0.05416666666666667
0 0.51640625 0.9697916666666667 0.028125 0.05416666666666667
0 0.16953125 0.8270833333333333 0.0296875 0.05
0 0.446875 0.20729166666666668 0.028125 0.05416666666666667
0 0.4859375 0.19895833333333332 0.03125 0.058333333333333334
0 0.64375 0.7885416666666667 0.03125 0.058333333333333334
0 0.2484375 0.7635416666666667 0.0265625 0.05
0 0.2671875 0.809375 0.028125 0.05416666666666667
0 0.30625 0.909375 0.028125 0.05416666666666667
0 0.2921875 0.9833333333333333 0.028125 0.03333333333333333
0 0.26796875 0.5947916666666667 0.0296875 0.05416666666666667
0 0.2171875 0.6822916666666666 0.028125 0.05
0 0.22109375 0.42083333333333334 0.03125 0.05416666666666667
0 0.2703125 0.7364583333333333 0.028125 0.05416666666666667
0 0.5125 0.3885416666666667 0.028125 0.05416666666666667
0 0.57734375 0.6333333333333333 0.0296875 0.05416666666666667
0 0.33125 0.990625 0.025 0.016666666666666666