0 0.625 0.8854166666666666 0.03125 0.058333333333333334
0 0.72109375 0.8802083333333334 0.034375 0.0625
0 0.52421875 0.7083333333333334 0.0296875 0.05416666666666667
0 0.61015625 0.10520833333333333 0.0296875 0.05416666666666667
0 0.4734375 0.10520833333333333 0.028125 0.058333333333333334
0 0.525 0.8875 0.0296875 0.058333333333333334
0 0.5671875 0.10729166666666666 0.028125 0.05416666666666667
0 0.521875 0.4395833333333333 0.028125 0.05
0 0.43046875 0.8854166666666666 0.0296875 0.058333333333333334
0 0.5171875 0.109375 0.028125 0.05416666666666667
0 0.48125 0.8916666666666667 0.028125 0.058333333333333334
0 0.4265625 0.26666666666666666 0.025 0.05
0 0.66953125 0.7052083333333333 0.03125 0.05416666666666667
0 0.6171875 0.359375 0.0296875 0.05
0 0.51875 0.35520833333333335 0.028125 0.05
0 0.4765625 0.4479166666666667 0.025 0.05
0 0.425 0.3625 0.0265625 0.05
0 0.6171875 0.5270833333333333 0.0296875 0.05
0 0.33203125 0.2625 0.0296875 0.05416666666666667
0 0.3234375 0.6239583333333333 0.03125 0.05416666666666667
0 0.7171875 0.6135416666666667 0.034375 0.05416666666666667
0 0.709375 0.3572916666666667 0.03125 0.05416666666666667
0 0.703125 0.11354166666666667 0.03125 0.058333333333333334
0 0.521875 0.61875 0.028125 0.05
0 0.3234375 0.9052083333333333 0.034375 0.0625
0 0.3296875 0.096875 0.03125 0.05416666666666667
0 0.425 0.6197916666666666 0.028125 0.05
0 0.4265625 0.7166666666666667 0.028125 0.05416666666666667
0 0.375 0.5427083333333333 0.028125 0.05
0 0.3203125 0.36354166666666665 0.0296875 0.05416666666666667
0 0.5171875 0.2708333333333333 0.028125 0.05416666666666667
0 0.5734375 0.8864583333333333 0.0296875 0.058333333333333334