0 0.15078125 0.48125 0.04375 0.0375
0 0.20234375 0.53125 0.0375 0.0375
0 0.2578125 0.5333333333333333 0.040625 0.0375
0 0.14453125 0.540625 0.0375 0.035416666666666666
0 0.559375 0.4354166666666667 0.0375 0.0375
0 0.13671875 0.23333333333333334 0.021875 0.035416666666666666
0 0.62578125 0.434375 0.040625 0.03958333333333333
0 0.275 0.027083333333333334 0.0375 0.03958333333333333
0 0.14375 0.18229166666666666 0.0375 0.035416666666666666
0 0.575 0.496875 0.0375 0.0375
0 0.2921875 0.15416666666666667 0.0375 0.0375
0 0.57109375 0.11666666666666667 0.040625 0.041666666666666664
0 0.39609375 0.7854166666666667 0.04375 0.04375
0 0.34140625 0.16354166666666667 0.040625 0.03958333333333333
0 0.43984375 0.16979166666666667 0.0375 0.03958333333333333
0 0.2015625 0.20729166666666668 0.040625 0.03958333333333333
0 0.70078125 0.4864583333333333 0.040625 0.03958333333333333
0 0.37734375 0.09791666666666667 0.0375 0.0375
0 0.38359375 0.578125 0.0375 0.0375