0 0.51796875 0.08645833333333333 0.0296875 0.058333333333333334
0 0.559375 0.17083333333333334 0.028125 0.058333333333333334
0 0.56328125 0.09270833333333334 0.0296875 0.058333333333333334
0 0.3671875 0.2604166666666667 0.03125 0.05416666666666667
0 0.5109375 0.703125 0.028125 0.05416666666666667
0 0.365625 0.6 0.03125 0.05416666666666667
0 0.365625 0.346875 0.0296875 0.05416666666666667
0 0.4203125 0.5135416666666667 0.025 0.04583333333333333
0 0.7609375 0.34270833333333334 0.03125 0.05416666666666667
0 0.70859375 0.16458333333333333 0.03125 0.058333333333333334
0 0.559375 0.265625 0.028125 0.05
0 0.46640625 0.34791666666666665 0.0265625 0.05
0 0.4609375 0.8760416666666667 0.03125 0.058333333333333334
0 0.5609375 0.7864583333333334 0.028125 0.05416666666666667
0 0.5140625 0.7927083333333333 0.028125 0.05416666666666667
0 0.7578125 0.5239583333333333 0.034375 0.05416666666666667
0 0.4640625 0.51875 0.025 0.05