0 0.39140625 0.44375 0.0375 0.035416666666666666
0 0.421875 0.016666666666666666 0.0375 0.03333333333333333
0 0.3875 0.08020833333333334 0.040625 0.041666666666666664
0 0.20859375 0.3416666666666667 0.040625 0.0375
0 0.434375 0.31145833333333334 0.040625 0.03958333333333333
0 0.33046875 0.44583333333333336 0.0375 0.035416666666666666
0 0.36953125 0.20625 0.0375 0.041666666666666664
0 0.21640625 0.4666666666666667 0.040625 0.0375
0 0.559375 0.29375 0.0375 0.0375
0 0.21796875 0.409375 0.040625 0.035416666666666666
0 0.46015625 0.49166666666666664 0.0375 0.0375
0 0.63515625 0.40208333333333335 0.0375 0.0375
0 0.22265625 0.5166666666666667 0.040625 0.0375
0 0.7546875 0.20729166666666668 0.04375 0.04375
0 0.78671875 0.453125 0.04375 0.03958333333333333
0 0.19609375 0.29791666666666666 0.0375 0.0375
0 0.54140625 0.16458333333333333 0.040625 0.04583333333333333
0 0.4703125 0.69375 0.040625 0.041666666666666664
0 0.76640625 0.2708333333333333 0.04375 0.041666666666666664
0 0.40390625 0.56875 0.0375 0.0375
0 0.77109375 0.32083333333333336 0.04375 0.041666666666666664
0 0.60859375 0.6739583333333333 0.040625 0.041666666666666664
0 0.778125 0.39166666666666666 0.04375 0.041666666666666664