0 0.5109375 0.12291666666666666 0.02734375 0.05416666666666667
0 0.5171875 0.046875 0.02734375 0.05416666666666667
0 0.42265625 0.051041666666666666 0.028125 0.05416666666666667
0 0.4734375 0.05416666666666667 0.02734375 0.053125
0 0.5078125 0.20520833333333333 0.02734375 0.053125
0 0.39375 0.5916666666666667 0.02890625 0.05
0 0.39140625 0.7916666666666666 0.03125 0.05520833333333333
0 0.13125 0.22395833333333334 0.03046875 0.051041666666666666
0 0.28671875 0.026041666666666668 0.0296875 0.051041666666666666
0 0.4875 0.7979166666666667 0.02890625 0.057291666666666664
0 0.5 0.35833333333333334 0.0265625 0.053125
0 0.5359375 0.8052083333333333 0.03046875 0.058333333333333334
0 0.2 0.621875 0.03125 0.05416666666666667
0 0.49921875 0.5166666666666667 0.0265625 0.05
0 0.59296875 0.8197916666666667 0.0328125 0.06145833333333333
0 0.69765625 0.46145833333333336 0.034375 0.057291666666666664
0 0.2484375 0.04791666666666667 0.02890625 0.05416666666666667
0 0.4375 0.7979166666666667 0.03046875 0.057291666666666664
0 0.1859375 0.36041666666666666 0.03046875 0.051041666666666666
0 0.2265625 0.240625 0.02890625 0.051041666666666666
0 0.2359375 0.3104166666666667 0.03046875 0.051041666666666666