0 0.14921875 0.60625 0.040625 0.03958333333333333
0 0.14609375 0.49375 0.040625 0.041666666666666664
0 0.37734375 0.75625 0.040625 0.041666666666666664
0 0.14609375 0.5447916666666667 0.040625 0.0375
0 0.51015625 0.7114583333333333 0.0375 0.041666666666666664
0 0.146875 0.675 0.04375 0.041666666666666664
0 0.26484375 0.5635416666666667 0.04375 0.0375
0 0.259375 0.8041666666666667 0.040625 0.041666666666666664
0 0.3953125 0.29791666666666666 0.04375 0.041666666666666664
0 0.72421875 0.66875 0.04375 0.041666666666666664
0 0.73359375 0.5354166666666667 0.04375 0.03958333333333333
0 0.72265625 0.721875 0.04375 0.041666666666666664
0 0.728125 0.5979166666666667 0.04375 0.041666666666666664
0 0.5078125 0.56875 0.0375 0.0375
0 0.74296875 0.459375 0.04375 0.041666666666666664
0 0.54140625 0.3145833333333333 0.040625 0.041666666666666664
0 0.134375 0.8604166666666667 0.01875 0.0375
0 0.1421875 0.9145833333333333 0.034375 0.041666666666666664
0 0.29609375 0.9416666666666667 0.040625 0.041666666666666664
0 0.3875 0.9895833333333334 0.040625 0.020833333333333332
0 0.346875 0.9333333333333333 0.040625 0.041666666666666664