0 0.26796875 0.3375 0.0265625 0.04583333333333333
0 0.2875 0.490625 0.028125 0.05
0 0.340625 0.10729166666666666 0.025 0.04583333333333333
0 0.24453125 0.6604166666666667 0.03125 0.05
0 0.5484375 0.2677083333333333 0.0265625 0.05
0 0.45625 0.8541666666666666 0.03125 0.058333333333333334
0 0.284375 0.29270833333333335 0.0265625 0.05
0 0.3203125 0.196875 0.025 0.04583333333333333
0 0.546875 0.19895833333333332 0.025 0.05
0 0.5796875 0.425 0.028125 0.05416666666666667
0 0.2390625 0.41458333333333336 0.028125 0.05
0 0.19453125 0.284375 0.0265625 0.04583333333333333
0 0.2890625 0.35833333333333334 0.028125 0.05
0 0.63828125 0.2760416666666667 0.0296875 0.05416666666666667
0 0.36171875 0.03333333333333333 0.025 0.04583333333333333
0 0.5546875 0.12604166666666666 0.0265625 0.05
0 0.3046875 0.12604166666666666 0.025 0.04583333333333333
0 0.5125 0.7802083333333333 0.028125 0.05416666666666667
0 0.4171875 0.6541666666666667 0.028125 0.05416666666666667
0 0.4953125 0.042708333333333334 0.025 0.05
0 0.4328125 0.011458333333333333 0.021875 0.020833333333333332
0 0.5625 0.010416666666666666 0.025 0.020833333333333332
0 0.61484375 0.008333333333333333 0.0234375 0.016666666666666666
0 0.4921875 0.005208333333333333 0.021875 0.008333333333333333