0 0.4328125 0.8916666666666667 0.028125 0.05416666666666667
0 0.4828125 0.890625 0.028125 0.058333333333333334
0 0.5265625 0.8947916666666667 0.028125 0.058333333333333334
0 0.375 0.11458333333333333 0.03125 0.058333333333333334
0 0.51875 0.10729166666666666 0.028125 0.058333333333333334
0 0.475 0.11145833333333334 0.03125 0.058333333333333334
0 0.38984375 0.8947916666666667 0.0296875 0.05416666666666667
0 0.56953125 0.115625 0.0296875 0.0625
0 0.278125 0.11979166666666667 0.034375 0.0625
0 0.47578125 0.290625 0.0296875 0.05416666666666667
0 0.290625 0.6427083333333333 0.03125 0.05416666666666667
0 0.296875 0.8864583333333333 0.03125 0.058333333333333334
0 0.66875 0.9020833333333333 0.03125 0.058333333333333334
0 0.6671875 0.7385416666666667 0.03125 0.058333333333333334
0 0.575 0.6364583333333333 0.0265625 0.05
0 0.3828125 0.640625 0.0296875 0.05
0 0.6765625 0.37604166666666666 0.03125 0.05416666666666667
0 0.6765625 0.09479166666666666 0.03125 0.0625
0 0.478125 0.559375 0.028125 0.05416666666666667
0 0.28359375 0.38645833333333335 0.0328125 0.05416666666666667
0 0.478125 0.3802083333333333 0.028125 0.05
0 0.3296875 0.29375 0.03125 0.05416666666666667
0 0.6796875 0.6364583333333333 0.03125 0.05416666666666667
0 0.3796875 0.2947916666666667 0.03125 0.05416666666666667
0 0.38046875 0.384375 0.028125 0.05
0 0.57421875 0.3802083333333333 0.0265625 0.05
0 0.425 0.11354166666666667 0.0296875 0.058333333333333334
0 0.5734375 0.284375 0.028125 0.05
0 0.38671875 0.7291666666666666 0.0296875 0.05416666666666667
0 0.4828125 0.728125 0.028125 0.05416666666666667
0 0.6265625 0.721875 0.028125 0.05416666666666667
0 0.628125 0.8947916666666667 0.028125 0.058333333333333334