0 0.365625 0.4 0.03046875 0.053125
0 0.36796875 0.7385416666666667 0.0296875 0.05520833333333333
0 0.559375 0.828125 0.02890625 0.057291666666666664
0 0.365625 0.6541666666666667 0.02890625 0.053125
0 0.465625 0.128125 0.03046875 0.059375
0 0.765625 0.38958333333333334 0.03515625 0.057291666666666664
0 0.5171875 0.9135416666666667 0.0296875 0.057291666666666664
0 0.56328125 0.9072916666666667 0.0296875 0.057291666666666664
0 0.4203125 0.4875 0.0265625 0.046875
0 0.7609375 0.6572916666666667 0.0328125 0.05520833333333333
0 0.46640625 0.653125 0.0265625 0.05
0 0.509375 0.296875 0.02890625 0.053125
0 0.56015625 0.7458333333333333 0.028125 0.05520833333333333
0 0.5609375 0.21354166666666666 0.028125 0.05416666666666667
0 0.665625 0.11770833333333333 0.03359375 0.06145833333333333
0 0.5625 0.30416666666666664 0.0296875 0.053125
0 0.565625 0.5760416666666667 0.02890625 0.053125
0 0.7078125 0.8354166666666667 0.03203125 0.057291666666666664
0 0.5125 0.234375 0.0296875 0.05520833333333333
0 0.659375 0.9197916666666667 0.03046875 0.058333333333333334
0 0.70703125 0.9177083333333333 0.0328125 0.058333333333333334
0 0.4640625 0.48125 0.02578125 0.04895833333333333