0 0.1953125 0.5989583333333334 0.03203125 0.053125
0 0.13125 0.20729166666666668 0.03046875 0.051041666666666666
0 0.54765625 0.036458333333333336 0.028125 0.05416666666666667
0 0.50078125 0.19479166666666667 0.028125 0.05416666666666667
0 0.225 0.228125 0.02890625 0.051041666666666666
0 0.46640625 0.041666666666666664 0.0265625 0.05520833333333333
0 0.3828125 0.5760416666666667 0.0296875 0.051041666666666666
0 0.5390625 0.34375 0.02890625 0.05416666666666667
0 0.684375 0.453125 0.034375 0.05520833333333333
0 0.284375 0.019791666666666666 0.02734375 0.03854166666666667
0 0.415625 0.03958333333333333 0.02734375 0.05416666666666667
0 0.5765625 0.8052083333333333 0.03203125 0.059375
0 0.23046875 0.29270833333333335 0.0296875 0.05
0 0.378125 0.771875 0.03046875 0.05520833333333333
0 0.51015625 0.034375 0.0265625 0.05520833333333333
0 0.51875 0.7895833333333333 0.03046875 0.057291666666666664
0 0.1828125 0.34270833333333334 0.03046875 0.051041666666666666
0 0.2453125 0.034375 0.02734375 0.051041666666666666
0 0.48828125 0.503125 0.028125 0.051041666666666666
0 0.4234375 0.778125 0.0296875 0.05520833333333333
0 0.47265625 0.7802083333333333 0.0296875 0.05416666666666667