0 0.67890625 0.6760416666666667 0.04375 0.03958333333333333
0 0.6140625 0.678125 0.0375 0.03958333333333333
0 0.80546875 0.415625 0.040625 0.03958333333333333
0 0.74609375 0.42083333333333334 0.040625 0.0375
0 0.61328125 0.5447916666666667 0.0375 0.035416666666666666
0 0.81015625 0.47604166666666664 0.04375 0.03958333333333333
0 0.61640625 0.15208333333333332 0.040625 0.041666666666666664
0 0.48984375 0.6083333333333333 0.034375 0.03333333333333333
0 0.8125 0.2875 0.04375 0.041666666666666664
0 0.74765625 0.48125 0.040625 0.0375
0 0.8125 0.225 0.040625 0.041666666666666664
0 0.68359375 0.4197916666666667 0.040625 0.0375
0 0.55234375 0.4197916666666667 0.040625 0.0375
0 0.61640625 0.35208333333333336 0.040625 0.03958333333333333
0 0.41640625 0.14791666666666667 0.04375 0.04583333333333333
0 0.7515625 0.22291666666666668 0.04375 0.041666666666666664
0 0.42265625 0.678125 0.0375 0.0375
0 0.48515625 0.55 0.034375 0.03333333333333333
0 0.21328125 0.28020833333333334 0.04375 0.04375
0 0.22109375 0.5458333333333333 0.040625 0.0375
0 0.346875 0.4864583333333333 0.0375 0.0375
0 0.28828125 0.41875 0.040625 0.0375
0 0.3 0.48333333333333334 0.040625 0.0375