0 0.43203125 0.8916666666666667 0.0296875 0.05416666666666667
0 0.4828125 0.8916666666666667 0.028125 0.05416666666666667
0 0.3890625 0.8927083333333333 0.0296875 0.05416666666666667
0 0.5265625 0.8947916666666667 0.028125 0.05416666666666667
0 0.66875 0.903125 0.03125 0.05416666666666667
0 0.296875 0.8854166666666666 0.03125 0.058333333333333334
0 0.575 0.6375 0.0265625 0.05
0 0.290625 0.6427083333333333 0.03125 0.05416666666666667
0 0.58125 0.896875 0.028125 0.058333333333333334
0 0.38203125 0.6395833333333333 0.0296875 0.05
0 0.628125 0.8947916666666667 0.028125 0.05416666666666667
0 0.4796875 0.5604166666666667 0.028125 0.05
0 0.6734375 0.6385416666666667 0.03125 0.05416666666666667
0 0.2828125 0.3854166666666667 0.034375 0.05416666666666667
0 0.3875 0.7270833333333333 0.03125 0.05416666666666667
0 0.4828125 0.7270833333333333 0.028125 0.05416666666666667
0 0.2796875 0.11770833333333333 0.034375 0.058333333333333334
0 0.4765625 0.2916666666666667 0.028125 0.05416666666666667
0 0.6265625 0.7229166666666667 0.028125 0.05416666666666667
0 0.375 0.11354166666666667 0.03125 0.058333333333333334
0 0.3796875 0.29270833333333335 0.028125 0.05416666666666667
0 0.33125 0.29270833333333335 0.03125 0.05416666666666667
0 0.38046875 0.38333333333333336 0.0296875 0.05416666666666667
0 0.62421875 0.10416666666666667 0.03125 0.0625
0 0.51953125 0.10729166666666666 0.0296875 0.05416666666666667
0 0.6765625 0.37604166666666666 0.03125 0.052083333333333336
0 0.475 0.11041666666666666 0.03125 0.058333333333333334
0 0.56953125 0.115625 0.0296875 0.058333333333333334
0 0.4796875 0.3802083333333333 0.028125 0.05416666666666667
0 0.575 0.3802083333333333 0.025 0.05
0 0.6765625 0.09479166666666666 0.03125 0.0625
0 0.4265625 0.11354166666666667 0.028125 0.058333333333333334