0 0.47109375 0.07083333333333333 0.03125 0.0625
0 0.61953125 0.07604166666666666 0.03125 0.058333333333333334
0 0.7171875 0.33541666666666664 0.03125 0.058333333333333334
0 0.36171875 0.234375 0.0328125 0.058333333333333334
0 0.6203125 0.23541666666666666 0.03125 0.058333333333333334
0 0.51875 0.07604166666666666 0.03125 0.0625
0 0.6265625 0.4166666666666667 0.03125 0.05416666666666667
0 0.5203125 0.33541666666666664 0.028125 0.058333333333333334
0 0.4125 0.057291666666666664 0.03125 0.0625
0 0.525 0.24166666666666667 0.03125 0.05416666666666667
0 0.56875 0.07604166666666666 0.03125 0.058333333333333334
0 0.6578125 0.06354166666666666 0.03125 0.058333333333333334
0 0.66796875 0.24895833333333334 0.0328125 0.058333333333333334
0 0.30625 0.31145833333333334 0.0375 0.0625
0 0.41328125 0.6197916666666666 0.0328125 0.058333333333333334
0 0.7359375 0.5989583333333334 0.034375 0.058333333333333334
0 0.5875 0.9135416666666667 0.03125 0.06666666666666667
0 0.6296875 0.6052083333333333 0.0296875 0.05416666666666667
0 0.6296875 0.9104166666666667 0.034375 0.06666666666666667
0 0.6859375 0.9020833333333333 0.03125 0.0625
0 0.5296875 0.7052083333333333 0.028125 0.05416666666666667
0 0.6921875 0.7979166666666667 0.03125 0.058333333333333334
0 0.4796875 0.9177083333333333 0.03125 0.06666666666666667
0 0.53125 0.9114583333333334 0.03125 0.06666666666666667
0 0.4140625 0.9208333333333333 0.034375 0.06666666666666667
0 0.29375 0.9229166666666667 0.0375 0.06666666666666667
0 0.525 0.5104166666666666 0.0296875 0.05
0 0.4125 0.41354166666666664 0.03125 0.058333333333333334
0 0.3078125 0.6270833333333333 0.0375 0.0625
0 0.34375 0.9197916666666667 0.0375 0.07083333333333333