0 0.4875 0.06354166666666666 0.02890625 0.058333333333333334
0 0.403125 0.06979166666666667 0.02890625 0.057291666666666664
0 0.44921875 0.0625 0.028125 0.05520833333333333
0 0.32578125 0.8385416666666666 0.0328125 0.06145833333333333
0 0.3515625 0.06770833333333333 0.02890625 0.05520833333333333
0 0.3625 0.84375 0.03125 0.059375
0 0.4375 0.225 0.02890625 0.05520833333333333
0 0.628125 0.5885416666666666 0.0328125 0.057291666666666664
0 0.4640625 0.8510416666666667 0.0296875 0.058333333333333334
0 0.52109375 0.8635416666666667 0.03125 0.059375
0 0.63125 0.4875 0.0328125 0.05520833333333333
0 0.115625 0.4 0.03203125 0.053125
0 0.3296875 0.5572916666666666 0.03046875 0.053125
0 0.29453125 0.38229166666666664 0.03125 0.053125
0 0.15625 0.2760416666666667 0.03125 0.05416666666666667
0 0.4359375 0.5489583333333333 0.0296875 0.053125
0 0.41640625 0.8447916666666667 0.03125 0.059375
0 0.2578125 0.22395833333333334 0.03125 0.05520833333333333
0 0.1640625 0.34479166666666666 0.03203125 0.053125
0 0.059375 0.25729166666666664 0.03046875 0.05416666666666667
0 0.2140625 0.042708333333333334 0.0296875 0.05520833333333333
0 0.175 0.06770833333333333 0.02890625 0.05416666666666667