0 0.40703125 0.26458333333333334 0.040625 0.041666666666666664
0 0.21015625 0.5979166666666667 0.04375 0.041666666666666664
0 0.4140625 0.7875 0.040625 0.04375
0 0.79609375 0.46458333333333335 0.04375 0.03958333333333333
0 0.79296875 0.5229166666666667 0.040625 0.0375
0 0.20546875 0.4041666666666667 0.046875 0.041666666666666664
0 0.79609375 0.646875 0.040625 0.03958333333333333
0 0.73359375 0.5208333333333334 0.040625 0.0375
0 0.2109375 0.6666666666666666 0.04375 0.041666666666666664
0 0.60234375 0.26145833333333335 0.040625 0.03958333333333333
0 0.60234375 0.4 0.0375 0.035416666666666666
0 0.60703125 0.7791666666666667 0.040625 0.041666666666666664
0 0.66875 0.2635416666666667 0.040625 0.041666666666666664
0 0.67265625 0.5229166666666667 0.040625 0.0375
0 0.73046875 0.46145833333333336 0.040625 0.0375
0 0.27578125 0.5333333333333333 0.040625 0.0375
0 0.47734375 0.3385416666666667 0.034375 0.035416666666666666
0 0.79609375 0.709375 0.040625 0.03958333333333333
0 0.73671875 0.7104166666666667 0.040625 0.03958333333333333
0 0.28828125 0.465625 0.040625 0.0375
0 0.47265625 0.39791666666666664 0.040625 0.0375
0 0.47890625 0.71875 0.040625 0.041666666666666664
0 0.54296875 0.5270833333333333 0.0375 0.0375