0 0.8046875 0.4010416666666667 0.03125 0.05416666666666667
0 0.86875 0.7927083333333333 0.03125 0.05
0 0.45234375 0.9635416666666666 0.028125 0.05416666666666667
0 0.49921875 0.8052083333333333 0.028125 0.05416666666666667
0 0.775 0.771875 0.028125 0.05
0 0.53359375 0.9583333333333334 0.0265625 0.05416666666666667
0 0.6171875 0.4239583333333333 0.0296875 0.05
0 0.4609375 0.65625 0.028125 0.05416666666666667
0 0.315625 0.546875 0.034375 0.05416666666666667
0 0.715625 0.9802083333333333 0.028125 0.0375
0 0.584375 0.9604166666666667 0.028125 0.05416666666666667
0 0.4234375 0.19479166666666667 0.03125 0.058333333333333334
0 0.76953125 0.7072916666666667 0.0296875 0.05
0 0.621875 0.228125 0.03125 0.05416666666666667
0 0.48984375 0.965625 0.0265625 0.05416666666666667
0 0.48125 0.21041666666666667 0.03125 0.058333333333333334
0 0.8171875 0.6572916666666667 0.03125 0.05
0 0.7546875 0.965625 0.028125 0.05
0 0.51171875 0.496875 0.028125 0.05
0 0.5765625 0.221875 0.0296875 0.05416666666666667
0 0.52734375 0.21979166666666666 0.0296875 0.05416666666666667