0 0.8265625 0.425 0.0375 0.03333333333333333
0 0.82890625 0.48333333333333334 0.0375 0.03333333333333333
0 0.8296875 0.36041666666666666 0.0375 0.035416666666666666
0 0.825 0.5333333333333333 0.040625 0.03333333333333333
0 0.43984375 0.3104166666666667 0.0375 0.03958333333333333
0 0.71953125 0.4666666666666667 0.0375 0.03333333333333333
0 0.30859375 0.225 0.04375 0.041666666666666664
0 0.290625 0.35833333333333334 0.040625 0.041666666666666664
0 0.2953125 0.3072916666666667 0.040625 0.03958333333333333
0 0.85546875 0.18541666666666667 0.0375 0.0375
0 0.28828125 0.43020833333333336 0.040625 0.03958333333333333
0 0.2828125 0.4895833333333333 0.040625 0.0375
0 0.62734375 0.21458333333333332 0.0375 0.0375
0 0.52421875 0.7010416666666667 0.0375 0.03958333333333333
0 0.271875 0.5625 0.040625 0.041666666666666664
0 0.4984375 0.4583333333333333 0.0375 0.0375
0 0.84296875 0.13333333333333333 0.0375 0.0375
0 0.70078125 0.10208333333333333 0.0375 0.0375
0 0.6140625 0.041666666666666664 0.0375 0.041666666666666664
0 0.6515625 0.10833333333333334 0.0375 0.041666666666666664