0 0.51796875 0.9135416666666667 0.0296875 0.057291666666666664
0 0.559375 0.828125 0.02890625 0.057291666666666664
0 0.56328125 0.9072916666666667 0.0296875 0.057291666666666664
0 0.36796875 0.7395833333333334 0.0296875 0.05416666666666667
0 0.365625 0.653125 0.02890625 0.053125
0 0.4203125 0.4864583333333333 0.02578125 0.04583333333333333
0 0.7609375 0.6572916666666667 0.03203125 0.05520833333333333
0 0.465625 0.6520833333333333 0.02578125 0.051041666666666666
0 0.70859375 0.8354166666666667 0.03125 0.057291666666666664
0 0.5109375 0.296875 0.02890625 0.053125
0 0.5140625 0.20833333333333334 0.02890625 0.05520833333333333
0 0.5609375 0.21354166666666666 0.02890625 0.05520833333333333
0 0.365625 0.4010416666666667 0.03046875 0.051041666666666666
0 0.559375 0.734375 0.028125 0.053125
0 0.45625 0.48854166666666665 0.02578125 0.04895833333333333
0 0.7578125 0.478125 0.03515625 0.05520833333333333