0 0.77421875 0.45416666666666666 0.0375 0.0375
0 0.83125 0.44375 0.040625 0.0375
0 0.42109375 0.4875 0.0375 0.0375
0 0.82578125 0.5020833333333333 0.040625 0.035416666666666666
0 0.35546875 0.5520833333333334 0.040625 0.0375
0 0.72109375 0.4510416666666667 0.040625 0.035416666666666666
0 0.84765625 0.74375 0.0375 0.035416666666666666
0 0.83203125 0.79375 0.0375 0.035416666666666666
0 0.54296875 0.809375 0.034375 0.03958333333333333
0 0.41171875 0.8635416666666667 0.040625 0.041666666666666664
0 0.68828125 0.8229166666666666 0.0375 0.0375
0 0.70234375 0.94375 0.0375 0.0375
0 0.77421875 0.7708333333333334 0.0375 0.035416666666666666
0 0.6375 0.8145833333333333 0.0375 0.0375
0 0.60078125 0.8770833333333333 0.0375 0.03958333333333333
0 0.27890625 0.5 0.040625 0.03958333333333333
0 0.58359375 0.2 0.04375 0.041666666666666664
0 0.596875 0.4083333333333333 0.0375 0.0375