0 0.79609375 0.5354166666666667 0.04375 0.0375
0 0.79609375 0.353125 0.040625 0.03958333333333333
0 0.79375 0.47708333333333336 0.040625 0.0375
0 0.60234375 0.7395833333333334 0.04375 0.041666666666666664
0 0.60703125 0.22083333333333333 0.040625 0.041666666666666664
0 0.66796875 0.7375 0.04375 0.041666666666666664
0 0.4140625 0.21041666666666667 0.04375 0.04583333333333333
0 0.60234375 0.6 0.0375 0.0375
0 0.7328125 0.48020833333333335 0.040625 0.0375
0 0.67265625 0.47708333333333336 0.040625 0.0375
0 0.79453125 0.2916666666666667 0.040625 0.041666666666666664
0 0.73046875 0.5395833333333333 0.040625 0.0375
0 0.48046875 0.41041666666666665 0.0375 0.0375
0 0.22109375 0.26666666666666666 0.04375 0.041666666666666664
0 0.48359375 0.47291666666666665 0.0375 0.0375
0 0.21015625 0.3333333333333333 0.04375 0.041666666666666664
0 0.73671875 0.28958333333333336 0.040625 0.041666666666666664
0 0.40703125 0.7354166666666667 0.040625 0.041666666666666664
0 0.54140625 0.4739583333333333 0.0375 0.035416666666666666
0 0.47421875 0.6020833333333333 0.0375 0.035416666666666666
0 0.21015625 0.4010416666666667 0.04375 0.03958333333333333
0 0.47890625 0.66875 0.0375 0.0375
0 0.2078125 0.4666666666666667 0.04375 0.03958333333333333
0 0.20390625 0.5947916666666667 0.04375 0.03958333333333333
0 0.27578125 0.53125 0.04375 0.0375
0 0.27421875 0.4666666666666667 0.040625 0.035416666666666666