0 0.51796875 0.9135416666666667 0.0296875 0.057291666666666664
0 0.5625 0.9072916666666667 0.03046875 0.05520833333333333
0 0.365625 0.653125 0.02890625 0.053125
0 0.36796875 0.7385416666666667 0.0296875 0.053125
0 0.465625 0.6510416666666666 0.02578125 0.051041666666666666
0 0.559375 0.828125 0.02890625 0.05520833333333333
0 0.7609375 0.6552083333333333 0.03203125 0.05520833333333333
0 0.465625 0.12708333333333333 0.03203125 0.059375
0 0.7078125 0.8354166666666667 0.03125 0.057291666666666664
0 0.55859375 0.7333333333333333 0.028125 0.053125
0 0.41953125 0.4864583333333333 0.0265625 0.04583333333333333
0 0.5140625 0.12395833333333334 0.03046875 0.057291666666666664
0 0.5609375 0.21354166666666666 0.028125 0.057291666666666664
0 0.365625 0.4 0.02890625 0.05
0 0.7578125 0.478125 0.03515625 0.05520833333333333
0 0.51015625 0.29583333333333334 0.028125 0.053125