0 0.55078125 0.04791666666666667 0.0265625 0.05416666666666667
0 0.41796875 0.04895833333333333 0.0265625 0.05416666666666667
0 0.5125 0.04479166666666667 0.02578125 0.053125
0 0.5046875 0.203125 0.02734375 0.051041666666666666
0 0.46875 0.053125 0.02578125 0.053125
0 0.3890625 0.5875 0.02890625 0.05
0 0.13046875 0.22291666666666668 0.0296875 0.051041666666666666
0 0.38671875 0.7864583333333334 0.03125 0.057291666666666664
0 0.2453125 0.04791666666666667 0.028125 0.051041666666666666
0 0.6921875 0.46041666666666664 0.0328125 0.05416666666666667
0 0.48203125 0.7927083333333333 0.0296875 0.05520833333333333
0 0.284375 0.026041666666666668 0.028125 0.051041666666666666
0 0.5296875 0.8010416666666667 0.03046875 0.059375
0 0.43125 0.7927083333333333 0.02890625 0.05520833333333333
0 0.19921875 0.6166666666666667 0.03125 0.053125
0 0.4953125 0.5114583333333333 0.02890625 0.051041666666666666
0 0.23203125 0.309375 0.0296875 0.051041666666666666
0 0.49453125 0.3572916666666667 0.0265625 0.051041666666666666
0 0.5859375 0.8145833333333333 0.03125 0.059375
0 0.22578125 0.240625 0.0296875 0.051041666666666666
0 0.1828125 0.359375 0.03046875 0.051041666666666666