0 0.3234375 0.37604166666666666 0.03125 0.05416666666666667
0 0.4734375 0.8947916666666667 0.0296875 0.058333333333333334
0 0.709375 0.6427083333333333 0.03125 0.05416666666666667
0 0.5171875 0.890625 0.028125 0.05416666666666667
0 0.425 0.6364583333333333 0.0265625 0.05
0 0.428125 0.10729166666666666 0.03125 0.0625
0 0.715625 0.3854166666666667 0.0328125 0.05416666666666667
0 0.3203125 0.6375 0.0296875 0.05416666666666667
0 0.61015625 0.8947916666666667 0.0296875 0.05416666666666667
0 0.5734375 0.115625 0.03125 0.058333333333333334
0 0.625 0.11458333333333333 0.03125 0.058333333333333334
0 0.515625 0.8104166666666667 0.028125 0.05
0 0.525 0.20104166666666667 0.028125 0.05416666666666667
0 0.47109375 0.8083333333333333 0.028125 0.05416666666666667
0 0.5171875 0.7302083333333333 0.028125 0.05416666666666667
0 0.65703125 0.89375 0.0296875 0.05416666666666667
0 0.3234375 0.725 0.03125 0.05416666666666667
0 0.47421875 0.21770833333333334 0.028125 0.05416666666666667
0 0.4234375 0.465625 0.0265625 0.05
0 0.56640625 0.47604166666666664 0.0296875 0.05
0 0.6578125 0.815625 0.03125 0.05416666666666667
0 0.5203125 0.5572916666666666 0.028125 0.05
0 0.6640625 0.471875 0.03125 0.05416666666666667
0 0.3734375 0.46979166666666666 0.028125 0.05