0 0.66953125 0.3875 0.04375 0.041666666666666664
0 0.79765625 0.340625 0.046875 0.041666666666666664
0 0.79921875 0.26666666666666666 0.046875 0.041666666666666664
0 0.803125 0.46041666666666664 0.046875 0.041666666666666664
0 0.59921875 0.3885416666666667 0.04375 0.041666666666666664
0 0.60546875 0.13020833333333334 0.04375 0.04375
0 0.60546875 0.6739583333333333 0.05 0.04791666666666667
0 0.80390625 0.40520833333333334 0.046875 0.041666666666666664
0 0.66484375 0.5333333333333333 0.046875 0.041666666666666664
0 0.39609375 0.23229166666666667 0.04375 0.04375
0 0.53984375 0.24375 0.04375 0.041666666666666664
0 0.80859375 0.21666666666666667 0.04375 0.041666666666666664
0 0.41015625 0.09166666666666666 0.04375 0.05
0 0.15859375 0.26979166666666665 0.053125 0.04791666666666667
0 0.15703125 0.35 0.053125 0.05
0 0.15234375 0.4166666666666667 0.05 0.05
0 0.1734375 0.14791666666666667 0.05 0.05
0 0.32265625 0.2875 0.04375 0.041666666666666664
0 0.16484375 0.21666666666666667 0.05 0.04791666666666667
0 0.525 0.44479166666666664 0.040625 0.03958333333333333
0 0.36484375 0.659375 0.046875 0.04791666666666667
0 0.14765625 0.5041666666666667 0.040625 0.04583333333333333
0 0.31328125 0.5020833333333333 0.04375 0.041666666666666664