0 0.45 0.05520833333333333 0.02578125 0.053125
0 0.35703125 0.578125 0.0296875 0.051041666666666666
0 0.49375 0.051041666666666666 0.025 0.051041666666666666
0 0.5796875 0.06145833333333333 0.02734375 0.05416666666666667
0 0.2921875 0.7541666666666667 0.03203125 0.05520833333333333
0 0.4 0.04895833333333333 0.02578125 0.05416666666666667
0 0.390625 0.7802083333333333 0.03046875 0.05520833333333333
0 0.53125 0.057291666666666664 0.0265625 0.053125
0 0.353125 0.7739583333333333 0.03046875 0.057291666666666664
0 0.48984375 0.7979166666666667 0.028125 0.05416666666666667
0 0.4640625 0.5114583333333333 0.028125 0.051041666666666666
0 0.1109375 0.196875 0.03046875 0.051041666666666666
0 0.26796875 0.019791666666666666 0.0265625 0.03958333333333333
0 0.65625 0.47291666666666665 0.03203125 0.05416666666666667
0 0.5171875 0.3572916666666667 0.02734375 0.051041666666666666
0 0.44375 0.7864583333333334 0.03046875 0.057291666666666664
0 0.54453125 0.8135416666666667 0.0296875 0.057291666666666664
0 0.2296875 0.03229166666666667 0.02734375 0.051041666666666666
0 0.20546875 0.22291666666666668 0.0296875 0.05416666666666667
0 0.2109375 0.290625 0.03046875 0.05
0 0.159375 0.33645833333333336 0.03046875 0.051041666666666666