0 0.4453125 0.8145833333333333 0.45 0.8166666666666667 0.45625 0.825 0.4578125 0.83125 0.4578125 0.85625 0.453125 0.86875 0.446875 0.875 0.4359375 0.8729166666666667 0.428125 0.85625 0.428125 0.8375 0.43125 0.8270833333333333 0.4390625 0.8166666666666667 0.44375 0.8166666666666667
0 0.79375 0.8333333333333334 0.8 0.8520833333333333 0.8 0.86875 0.796875 0.8770833333333333 0.7875 0.8854166666666666 0.78125 0.8854166666666666 0.778125 0.88125 0.775 0.88125 0.7671875 0.8708333333333333 0.7625 0.8583333333333333 0.7625 0.8416666666666667 0.7671875 0.8291666666666667 0.771875 0.825 0.7828125 0.825 0.7921875 0.8333333333333334
0 0.759375 0.25416666666666665 0.765625 0.26666666666666666 0.7671875 0.28125 0.765625 0.28958333333333336 0.753125 0.30625 0.7421875 0.30625 0.7359375 0.3 0.7328125 0.28958333333333336 0.7328125 0.275 0.74375 0.25416666666666665 0.75 0.25 0.7546875 0.25 0.7578125 0.25416666666666665
0 0.4515625 0.6354166666666666 0.459375 0.64375 0.4625 0.6541666666666667 0.4625 0.6645833333333333 0.4578125 0.68125 0.45 0.6875 0.440625 0.6854166666666667 0.4328125 0.66875 0.4328125 0.6541666666666667 0.4359375 0.64375 0.446875 0.6333333333333333 0.45 0.6354166666666666
0 0.29375 0.409375 0.03359375 0.053125
0 0.775 0.53125 0.7828125 0.5375 0.7875 0.55 0.7859375 0.5729166666666666 0.78125 0.58125 0.775 0.5854166666666667 0.765625 0.5854166666666667 0.759375 0.58125 0.7546875 0.575 0.7515625 0.5645833333333333 0.7515625 0.5479166666666667 0.75625 0.5375 0.765625 0.53125 0.7734375 0.53125
0 0.446875 0.11458333333333333 0.45625 0.12708333333333333 0.4578125 0.15625 0.45625 0.1625 0.4453125 0.17291666666666666 0.434375 0.16458333333333333 0.4296875 0.14375 0.4328125 0.12291666666666666 0.4375 0.11666666666666667 0.4453125 0.11458333333333333
0 0.753125 0.08333333333333333 0.7609375 0.09375 0.7625 0.10833333333333334 0.759375 0.12291666666666666 0.746875 0.13958333333333334 0.7390625 0.13958333333333334 0.734375 0.13541666666666666 0.7296875 0.12291666666666666 0.7296875 0.10833333333333334 0.740625 0.08333333333333333 0.7515625 0.08333333333333333
0 0.3 0.12291666666666666 0.3078125 0.12916666666666668 0.3140625 0.15 0.3125 0.16875 0.30625 0.17708333333333334 0.3015625 0.17916666666666667 0.290625 0.17291666666666666 0.2828125 0.15416666666666667 0.2828125 0.14166666666666666 0.2859375 0.13125 0.2890625 0.125 0.2984375 0.12291666666666666
0 0.775 0.6291666666666667 0.7828125 0.6354166666666666 0.7890625 0.6541666666666667 0.7890625 0.6645833333333333 0.7859375 0.675 0.775 0.6854166666666667 0.7625 0.68125 0.7578125 0.6770833333333334 0.753125 0.66875 0.7515625 0.6604166666666667 0.7515625 0.6458333333333334 0.7546875 0.6375 0.7625 0.6291666666666667 0.7734375 0.6291666666666667
0 0.29765625 0.3260416666666667 0.0328125 0.057291666666666664
0 0.3890625 0.7416666666666667 0.39375 0.7375 0.4046875 0.7375 0.4109375 0.7458333333333333 0.4140625 0.7583333333333333 0.4125 0.7729166666666667 0.409375 0.78125 0.3984375 0.79375 0.39375 0.79375 0.3859375 0.7854166666666667 0.3828125 0.775 0.3828125 0.75625 0.3859375 0.7458333333333333 0.3890625 0.74375
0 0.65625 0.7375 0.6609375 0.7333333333333333 0.671875 0.7333333333333333 0.68125 0.74375 0.684375 0.7520833333333333 0.6828125 0.78125 0.675 0.7895833333333333 0.665625 0.7895833333333333 0.65625 0.7791666666666667 0.6515625 0.76875 0.6515625 0.7479166666666667 0.65625 0.7395833333333334
0 0.4484375 0.45625 0.45625 0.4625 0.4609375 0.47708333333333336 0.459375 0.49583333333333335 0.45 0.5083333333333333 0.44375 0.5083333333333333 0.4359375 0.5020833333333333 0.4328125 0.49166666666666664 0.4328125 0.4708333333333333 0.4359375 0.4625 0.446875 0.45625
0 0.303125 0.2125 0.3125 0.23541666666666666 0.3109375 0.2520833333333333 0.303125 0.26458333333333334 0.29375 0.26458333333333334 0.2890625 0.2604166666666667 0.28125 0.24166666666666667 0.28125 0.225 0.284375 0.21666666666666667 0.29375 0.20833333333333334 0.2984375 0.20833333333333334 0.3015625 0.2125
0 0.2828125 0.5583333333333333 0.2890625 0.5541666666666667 0.3 0.5541666666666667 0.30625 0.5604166666666667 0.309375 0.56875 0.309375 0.5875 0.3046875 0.5979166666666667 0.2953125 0.6041666666666666 0.2890625 0.6041666666666666 0.284375 0.6020833333333333 0.278125 0.5895833333333333 0.278125 0.56875 0.2828125 0.5604166666666667
0 0.453125 0.2791666666666667 0.4578125 0.2833333333333333 0.4625 0.29583333333333334 0.4625 0.31875 0.45625 0.33125 0.4515625 0.3333333333333333 0.4421875 0.33125 0.4375 0.3229166666666667 0.434375 0.3104166666666667 0.434375 0.29791666666666666 0.4375 0.2875 0.44375 0.2791666666666667 0.4515625 0.2791666666666667
0 0.765625 0.34791666666666665 0.775 0.36041666666666666 0.7765625 0.38125 0.7734375 0.38958333333333334 0.7625 0.40208333333333335 0.7515625 0.40208333333333335 0.746875 0.39791666666666664 0.7421875 0.3875 0.740625 0.37083333333333335 0.7484375 0.3541666666666667 0.75625 0.34791666666666665 0.7640625 0.34791666666666665
0 0.6109375 0.45416666666666666 0.6171875 0.4666666666666667 0.61875 0.48125 0.6125 0.4979166666666667 0.6015625 0.5041666666666667 0.5953125 0.5020833333333333 0.5890625 0.49166666666666664 0.5875 0.4708333333333333 0.5953125 0.45416666666666666 0.6015625 0.45 0.609375 0.45416666666666666
0 0.765625 0.7333333333333333 0.78125 0.7333333333333333 0.790625 0.74375 0.79375 0.7520833333333333 0.79375 0.775 0.790625 0.7833333333333333 0.784375 0.7895833333333333 0.775 0.7895833333333333 0.76875 0.7854166666666667 0.7609375 0.775 0.7578125 0.7645833333333333 0.759375 0.7416666666666667 0.765625 0.7354166666666667
0 0.3015625 0.4625 0.309375 0.4791666666666667 0.309375 0.48541666666666666 0.30625 0.4979166666666667 0.3 0.50625 0.29375 0.5083333333333333 0.284375 0.50625 0.28125 0.5020833333333333 0.278125 0.49583333333333335 0.275 0.47708333333333336 0.278125 0.4666666666666667 0.284375 0.4583333333333333 0.2984375 0.4583333333333333 0.3 0.4625
0 0.296875 0.8416666666666667 0.3046875 0.85 0.3078125 0.8583333333333333 0.3078125 0.8729166666666667 0.3015625 0.8895833333333333 0.290625 0.9020833333333333 0.284375 0.9020833333333333 0.2796875 0.8979166666666667 0.275 0.8875 0.2734375 0.875 0.2765625 0.8583333333333333 0.28125 0.85 0.290625 0.8416666666666667 0.2953125 0.8416666666666667
0 0.403125 0.19583333333333333 0.4125 0.20416666666666666 0.4171875 0.22916666666666666 0.4140625 0.24375 0.40625 0.2520833333333333 0.396875 0.25 0.3921875 0.24375 0.3875 0.22916666666666666 0.3875 0.2125 0.390625 0.20416666666666666 0.4015625 0.19583333333333333
0 0.61875 0.6375 0.6234375 0.6479166666666667 0.625 0.6666666666666666 0.6203125 0.68125 0.615625 0.6854166666666667 0.603125 0.6854166666666667 0.59375 0.6708333333333333 0.5921875 0.6541666666666667 0.5953125 0.6416666666666667 0.603125 0.6333333333333333 0.6140625 0.6333333333333333 0.6171875 0.6375
0 0.2859375 0.6458333333333334 0.2921875 0.64375 0.303125 0.6458333333333334 0.309375 0.6541666666666667 0.3109375 0.6604166666666667 0.3109375 0.6729166666666667 0.3078125 0.6854166666666667 0.3 0.69375 0.290625 0.6979166666666666 0.284375 0.69375 0.278125 0.6833333333333333 0.278125 0.6583333333333333 0.2859375 0.6479166666666667
0 0.6046875 0.28541666666666665 0.6109375 0.29375 0.6140625 0.30833333333333335 0.6078125 0.33125 0.5984375 0.33958333333333335 0.5953125 0.33958333333333335 0.5859375 0.33125 0.5828125 0.3104166666666667 0.590625 0.2875 0.596875 0.2833333333333333 0.603125 0.28541666666666665
0 0.625 0.8291666666666667 0.634375 0.8416666666666667 0.6375 0.8520833333333333 0.6359375 0.8770833333333333 0.6265625 0.8895833333333333 0.6140625 0.8854166666666666 0.6078125 0.8729166666666667 0.6046875 0.8583333333333333 0.6046875 0.8458333333333333 0.6078125 0.8354166666666667 0.6125 0.8291666666666667 0.6234375 0.8291666666666667
0 0.5953125 0.10833333333333334 0.5984375 0.10625 0.6109375 0.10833333333333334 0.6171875 0.12291666666666666 0.6171875 0.13541666666666666 0.6125 0.15208333333333332 0.60625 0.16041666666666668 0.5984375 0.1625 0.590625 0.15416666666666667 0.5875 0.14375 0.5890625 0.12291666666666666 0.5921875 0.1125 0.5953125 0.11041666666666666
0 0.6578125 0.18333333333333332 0.6640625 0.1875 0.6671875 0.19375 0.6703125 0.21041666666666667 0.6640625 0.23125 0.6578125 0.23958333333333334 0.653125 0.24166666666666667 0.6484375 0.24166666666666667 0.640625 0.23333333333333334 0.6375 0.21666666666666667 0.6421875 0.19583333333333333 0.646875 0.1875 0.6515625 0.18333333333333332 0.65625 0.18333333333333332
0 0.296875 0.7458333333333333 0.3078125 0.7541666666666667 0.3109375 0.7666666666666667 0.3109375 0.7770833333333333 0.3078125 0.7875 0.296875 0.8020833333333334 0.2859375 0.8020833333333334 0.2796875 0.79375 0.278125 0.7854166666666667 0.2796875 0.7604166666666666 0.2828125 0.7541666666666667 0.2953125 0.7458333333333333
0 0.7546875 0.16875 0.759375 0.17083333333333334 0.765625 0.18333333333333332 0.765625 0.20208333333333334 0.7578125 0.21875 0.7515625 0.225 0.74375 0.225 0.7359375 0.21875 0.7328125 0.21041666666666667 0.7328125 0.19375 0.740625 0.175 0.7484375 0.16875 0.753125 0.16875
0 0.7765625 0.4375 0.78125 0.45208333333333334 0.7796875 0.47291666666666665 0.7671875 0.48541666666666666 0.75625 0.48541666666666666 0.7484375 0.47708333333333336 0.7453125 0.46458333333333335 0.7453125 0.45416666666666666 0.75 0.44166666666666665 0.7578125 0.43333333333333335 0.7671875 0.43125 0.775 0.4375