0 0.625 0.74375 0.634375 0.75 0.640625 0.7604166666666666 0.640625 0.7729166666666667 0.6375 0.7791666666666667 0.628125 0.7854166666666667 0.6140625 0.7854166666666667 0.6078125 0.78125 0.6015625 0.7729166666666667 0.6 0.7666666666666667 0.6 0.7583333333333333 0.6046875 0.7479166666666667 0.61875 0.7416666666666667 0.6234375 0.74375
0 0.703125 0.48541666666666666 0.709375 0.49166666666666664 0.7125 0.5020833333333333 0.7078125 0.5145833333333333 0.696875 0.5208333333333334 0.6828125 0.5208333333333334 0.6734375 0.5166666666666667 0.6703125 0.5125 0.6671875 0.5 0.6703125 0.49166666666666664 0.6796875 0.48333333333333334 0.6875 0.48333333333333334 0.6890625 0.48125 0.7015625 0.48541666666666666
0 0.6296875 0.4791666666666667 0.6375 0.48541666666666666 0.640625 0.49166666666666664 0.640625 0.5020833333333333 0.634375 0.5125 0.6265625 0.5166666666666667 0.6140625 0.5166666666666667 0.603125 0.5125 0.5984375 0.50625 0.596875 0.49583333333333335 0.5984375 0.4895833333333333 0.60625 0.48125 0.628125 0.4791666666666667
0 0.171875 0.1625 0.1796875 0.16666666666666666 0.190625 0.18333333333333332 0.190625 0.2 0.184375 0.20833333333333334 0.1796875 0.21041666666666667 0.1578125 0.20833333333333334 0.1453125 0.19791666666666666 0.1390625 0.1875 0.1390625 0.175 0.146875 0.16458333333333333 0.1546875 0.16041666666666668 0.1703125 0.1625
0 0.40625 0.18541666666666667 0.415625 0.2 0.415625 0.20833333333333334 0.409375 0.22291666666666668 0.403125 0.22916666666666666 0.384375 0.22916666666666666 0.3765625 0.22291666666666668 0.3703125 0.20625 0.3703125 0.19791666666666666 0.3734375 0.18958333333333333 0.384375 0.18125 0.3984375 0.18125 0.4046875 0.18541666666666667
0 0.28125 0.7104166666666667 0.2875 0.7166666666666667 0.2890625 0.7229166666666667 0.2875 0.7375 0.28125 0.7479166666666667 0.271875 0.7520833333333333 0.253125 0.75 0.2453125 0.7395833333333334 0.2453125 0.7291666666666666 0.2515625 0.7166666666666667 0.2578125 0.7104166666666667 0.2640625 0.7083333333333334 0.2796875 0.7104166666666667
0 0.8265625 0.6145833333333334 0.834375 0.61875 0.840625 0.6291666666666667 0.8390625 0.6416666666666667 0.834375 0.6479166666666667 0.8265625 0.6520833333333333 0.8109375 0.65 0.7984375 0.6416666666666667 0.7953125 0.6354166666666666 0.7953125 0.6291666666666667 0.8015625 0.6166666666666667 0.809375 0.6125 0.825 0.6145833333333334
0 0.825 0.54375 0.834375 0.55 0.8390625 0.5604166666666667 0.8375 0.5708333333333333 0.825 0.58125 0.8140625 0.58125 0.7984375 0.575 0.7921875 0.5604166666666667 0.7953125 0.5520833333333334 0.8046875 0.54375 0.8109375 0.5416666666666666 0.8234375 0.54375
0 0.834375 0.6666666666666666 0.84375 0.6729166666666667 0.8484375 0.68125 0.846875 0.69375 0.84375 0.7 0.8375 0.7041666666666667 0.8234375 0.7041666666666667 0.8078125 0.69375 0.8046875 0.6875 0.8046875 0.6770833333333334 0.8078125 0.6708333333333333 0.8171875 0.6645833333333333 0.8328125 0.6666666666666666
0 0.846875 0.3333333333333333 0.8546875 0.34375 0.853125 0.36041666666666666 0.846875 0.36666666666666664 0.8359375 0.37083333333333335 0.8234375 0.37083333333333335 0.8140625 0.36666666666666664 0.809375 0.35833333333333334 0.809375 0.35 0.8109375 0.34375 0.8203125 0.3333333333333333 0.834375 0.32916666666666666 0.8390625 0.32916666666666666 0.8453125 0.3333333333333333
0 0.190625 0.49375 0.2 0.50625 0.2 0.5166666666666667 0.19375 0.525 0.18125 0.5333333333333333 0.16875 0.5333333333333333 0.159375 0.5291666666666667 0.1515625 0.5208333333333334 0.15 0.5083333333333333 0.1546875 0.4979166666666667 0.1640625 0.49166666666666664 0.1875 0.49166666666666664 0.1890625 0.49375
0 0.7109375 0.61875 0.71875 0.6291666666666667 0.71875 0.6395833333333333 0.715625 0.6458333333333334 0.7046875 0.6541666666666667 0.6953125 0.6541666666666667 0.68125 0.6479166666666667 0.6765625 0.6416666666666667 0.675 0.6291666666666667 0.6859375 0.6145833333333334 0.703125 0.6145833333333334 0.709375 0.61875
0 0.4203125 0.625 0.43125 0.6333333333333333 0.434375 0.6458333333333334 0.43125 0.65625 0.41875 0.6666666666666666 0.4109375 0.6666666666666666 0.4015625 0.6625 0.3953125 0.6541666666666667 0.39375 0.6479166666666667 0.3953125 0.6354166666666666 0.3984375 0.6291666666666667 0.4046875 0.625 0.41875 0.625
0 0.6890625 0.6770833333333334 0.7 0.6833333333333333 0.70625 0.6916666666666667 0.70625 0.70625 0.696875 0.7166666666666667 0.6765625 0.7145833333333333 0.6703125 0.7104166666666667 0.6640625 0.7 0.6640625 0.6916666666666667 0.6703125 0.68125 0.6765625 0.6770833333333334 0.6875 0.6770833333333334
0 0.428125 0.7708333333333334 0.434375 0.775 0.4375 0.78125 0.4390625 0.7979166666666667 0.434375 0.8083333333333333 0.4203125 0.8166666666666667 0.4046875 0.8125 0.4 0.8041666666666667 0.3984375 0.7875 0.4015625 0.7791666666666667 0.4078125 0.7729166666666667 0.4265625 0.7708333333333334
0 0.2 0.7020833333333333 0.20625 0.70625 0.209375 0.7125 0.209375 0.725 0.203125 0.7354166666666667 0.190625 0.7458333333333333 0.1765625 0.7458333333333333 0.1671875 0.7416666666666667 0.1625 0.7333333333333333 0.1609375 0.7229166666666667 0.1671875 0.7104166666666667 0.1765625 0.7041666666666667 0.184375 0.7 0.196875 0.7 0.1984375 0.7020833333333333
0 0.7109375 0.2604166666666667 0.715625 0.26666666666666666 0.71875 0.2791666666666667 0.709375 0.29583333333333334 0.7 0.3 0.6828125 0.3 0.6796875 0.29791666666666666 0.6734375 0.28958333333333336 0.6734375 0.27708333333333335 0.6796875 0.26666666666666666 0.6890625 0.25833333333333336 0.703125 0.25625 0.709375 0.2604166666666667
0 0.646875 0.18125 0.65625 0.19166666666666668 0.6578125 0.20416666666666666 0.65625 0.21041666666666667 0.65 0.21875 0.6375 0.22708333333333333 0.6234375 0.22708333333333333 0.6203125 0.225 0.6140625 0.21666666666666667 0.6140625 0.2 0.628125 0.18125 0.634375 0.17916666666666667 0.6453125 0.18125
0 0.1796875 0.23541666666666666 0.1875 0.24166666666666667 0.19375 0.25416666666666665 0.19375 0.26458333333333334 0.190625 0.2708333333333333 0.18125 0.2791666666666667 0.159375 0.27708333333333335 0.146875 0.26875 0.1421875 0.2625 0.140625 0.25416666666666665 0.1421875 0.24166666666666667 0.1546875 0.23125 0.171875 0.23125 0.178125 0.23541666666666666
0 0.409375 0.33125 0.41875 0.3375 0.421875 0.34375 0.421875 0.36041666666666666 0.415625 0.36875 0.4078125 0.3729166666666667 0.39375 0.3729166666666667 0.3828125 0.3645833333333333 0.3796875 0.35833333333333334 0.3796875 0.34375 0.3859375 0.3333333333333333 0.39375 0.32916666666666666 0.40625 0.32916666666666666 0.4078125 0.33125
0 0.184375 0.5708333333333333 0.1921875 0.575 0.2 0.5854166666666667 0.2 0.5958333333333333 0.1921875 0.6083333333333333 0.178125 0.6145833333333334 0.159375 0.6125 0.1515625 0.6041666666666666 0.1484375 0.59375 0.1515625 0.5854166666666667 0.1609375 0.575 0.165625 0.575 0.171875 0.5708333333333333 0.1828125 0.5708333333333333
0 0.4953125 0.48541666666666666 0.503125 0.49166666666666664 0.50625 0.5 0.50625 0.5104166666666666 0.503125 0.5166666666666667 0.490625 0.5229166666666667 0.4765625 0.5208333333333334 0.4671875 0.5104166666666666 0.465625 0.5020833333333333 0.4703125 0.49166666666666664 0.4765625 0.48541666666666666 0.49375 0.48541666666666666
0 0.175 0.33125 0.1875 0.33958333333333335 0.1921875 0.35 0.190625 0.3625 0.184375 0.37083333333333335 0.1796875 0.3729166666666667 0.159375 0.3729166666666667 0.1546875 0.37083333333333335 0.1484375 0.36666666666666664 0.1421875 0.35833333333333334 0.140625 0.35208333333333336 0.1421875 0.33958333333333335 0.146875 0.3333333333333333 0.1546875 0.32916666666666666 0.171875 0.32916666666666666 0.1734375 0.33125
0 0.8296875 0.47708333333333336 0.840625 0.4875 0.840625 0.5020833333333333 0.828125 0.5145833333333333 0.80625 0.5125 0.7984375 0.50625 0.7953125 0.5 0.7953125 0.4895833333333333 0.8015625 0.48125 0.8078125 0.47708333333333336 0.828125 0.47708333333333336
0 0.35 0.3333333333333333 0.359375 0.3416666666666667 0.3625 0.35 0.3625 0.36041666666666666 0.35625 0.37083333333333335 0.34375 0.3770833333333333 0.3328125 0.375 0.3265625 0.37083333333333335 0.3203125 0.3625 0.3171875 0.35208333333333336 0.3203125 0.3416666666666667 0.328125 0.3333333333333333 0.3359375 0.33125 0.3484375 0.3333333333333333
0 0.83125 0.41041666666666665 0.840625 0.41875 0.8421875 0.425 0.840625 0.4375 0.834375 0.44583333333333336 0.81875 0.4479166666666667 0.8171875 0.45 0.8015625 0.44583333333333336 0.796875 0.4375 0.796875 0.425 0.80625 0.4125 0.8296875 0.41041666666666665
0 0.5671875 0.32916666666666666 0.578125 0.33958333333333335 0.5796875 0.35 0.578125 0.35833333333333334 0.5640625 0.37083333333333335 0.54375 0.36875 0.5359375 0.35833333333333334 0.5359375 0.34791666666666665 0.5453125 0.3333333333333333 0.5515625 0.32916666666666666 0.565625 0.32916666666666666
0 0.1859375 0.425 0.19375 0.43333333333333335 0.1953125 0.44583333333333336 0.1875 0.4583333333333333 0.1796875 0.4625 0.1640625 0.4625 0.1515625 0.45625 0.1453125 0.44583333333333336 0.1453125 0.43333333333333335 0.1484375 0.4270833333333333 0.1578125 0.42083333333333334 0.178125 0.42083333333333334 0.184375 0.425
0 0.56875 0.625 0.5765625 0.6333333333333333 0.578125 0.6479166666666667 0.575 0.65625 0.565625 0.6625 0.5515625 0.6625 0.5421875 0.65625 0.5359375 0.6395833333333333 0.5390625 0.63125 0.5484375 0.6229166666666667 0.5671875 0.625
0 0.1890625 0.6270833333333333 0.1984375 0.63125 0.203125 0.6375 0.2046875 0.6479166666666667 0.203125 0.6541666666666667 0.1984375 0.6604166666666667 0.184375 0.6708333333333333 0.1640625 0.66875 0.1546875 0.6583333333333333 0.1546875 0.64375 0.1640625 0.63125 0.1703125 0.63125 0.1765625 0.6270833333333333 0.1875 0.6270833333333333