0 0.40703125 0.7354166666666667 0.040625 0.041666666666666664
0 0.20859375 0.4666666666666667 0.04375 0.03958333333333333
0 0.2046875 0.59375 0.04375 0.041666666666666664
0 0.41484375 0.21145833333333333 0.040625 0.04375
0 0.20546875 0.5270833333333333 0.04375 0.0375
0 0.79609375 0.5364583333333334 0.04375 0.03958333333333333
0 0.79296875 0.47708333333333336 0.04375 0.0375
0 0.7328125 0.4791666666666667 0.040625 0.0375
0 0.21171875 0.3333333333333333 0.04375 0.041666666666666664
0 0.60703125 0.22083333333333333 0.040625 0.041666666666666664
0 0.47734375 0.46770833333333334 0.0375 0.0375
0 0.79609375 0.353125 0.04375 0.03958333333333333
0 0.60390625 0.6 0.0375 0.0375
0 0.67265625 0.47708333333333336 0.040625 0.0375
0 0.60390625 0.7395833333333334 0.040625 0.03958333333333333
0 0.73515625 0.7364583333333333 0.040625 0.041666666666666664
0 0.79609375 0.290625 0.040625 0.03958333333333333
0 0.66953125 0.7375 0.040625 0.041666666666666664
0 0.27421875 0.6666666666666666 0.04375 0.03958333333333333
0 0.475 0.6020833333333333 0.0375 0.035416666666666666
0 0.22109375 0.265625 0.04375 0.04375
0 0.415625 0.40625 0.040625 0.041666666666666664
0 0.73671875 0.28958333333333336 0.040625 0.041666666666666664
0 0.33828125 0.5979166666666667 0.040625 0.0375
0 0.54140625 0.47291666666666665 0.0375 0.0375
0 0.28203125 0.4 0.04375 0.041666666666666664
0 0.209375 0.40208333333333335 0.040625 0.0375