0 0.6 0.20833333333333334 0.603125 0.20833333333333334 0.60625 0.20416666666666666 0.6109375 0.20416666666666666 0.6203125 0.21666666666666667 0.6203125 0.23958333333333334 0.6125 0.25625 0.6046875 0.25833333333333336 0.6 0.25625 0.5953125 0.25 0.59375 0.24375 0.59375 0.225 0.596875 0.2125 0.6 0.21041666666666667
0 0.5078125 0.1875 0.5125 0.18333333333333332 0.5203125 0.18333333333333332 0.525 0.1875 0.5296875 0.20416666666666666 0.528125 0.22291666666666668 0.525 0.23125 0.521875 0.23541666666666666 0.5109375 0.23541666666666666 0.5046875 0.225 0.5046875 0.2125 0.503125 0.21041666666666667 0.5046875 0.19375 0.5078125 0.18958333333333333
0 0.125 0.1625 0.1296875 0.15833333333333333 0.1375 0.15833333333333333 0.146875 0.17291666666666666 0.15 0.18541666666666667 0.1453125 0.20208333333333334 0.140625 0.20625 0.134375 0.20625 0.121875 0.19166666666666668 0.1203125 0.17916666666666667 0.125 0.16458333333333333
0 0.1875 0.30833333333333335 0.1984375 0.325 0.1984375 0.3416666666666667 0.19375 0.35208333333333336 0.1859375 0.35625 0.1703125 0.3416666666666667 0.16875 0.33125 0.171875 0.31666666666666665 0.178125 0.30833333333333335 0.1859375 0.30833333333333335
0 0.284375 0 0.309375 0 0.30625 0.014583333333333334 0.3 0.020833333333333332 0.290625 0.01875 0.2859375 0.010416666666666666 0.284375 0.0020833333333333333
0 0.24375 0 0.265625 0 0.2703125 0.0125 0.26875 0.029166666666666667 0.2609375 0.03958333333333333 0.25625 0.03958333333333333 0.2484375 0.03125 0.24375 0.01875 0.24375 0.0020833333333333333
0 0.2203125 0.21041666666666667 0.21875 0.20208333333333334 0.2203125 0.18541666666666667 0.228125 0.175 0.2359375 0.175 0.2421875 0.18333333333333332 0.246875 0.19583333333333333 0.246875 0.21041666666666667 0.2453125 0.21666666666666667 0.240625 0.22291666666666668 0.2296875 0.22291666666666668 0.221875 0.21041666666666667
0 0.4609375 0.7958333333333333 0.46875 0.8041666666666667 0.471875 0.8125 0.4703125 0.8416666666666667 0.4625 0.8520833333333333 0.45 0.85 0.4421875 0.8354166666666667 0.4421875 0.8229166666666666 0.4453125 0.8083333333333333 0.4515625 0.8 0.459375 0.7958333333333333
0 0.5140625 0.7104166666666667 0.51875 0.7125 0.525 0.7208333333333333 0.5265625 0.7270833333333333 0.5265625 0.75 0.5171875 0.7645833333333333 0.5109375 0.7645833333333333 0.50625 0.7604166666666666 0.503125 0.75625 0.4984375 0.7395833333333334 0.4984375 0.7291666666666666 0.5015625 0.71875 0.50625 0.7125 0.5125 0.7104166666666667
0 0.1984375 0.5729166666666666 0.20625 0.5833333333333334 0.20625 0.6020833333333333 0.203125 0.6104166666666667 0.1953125 0.61875 0.1859375 0.61875 0.178125 0.6104166666666667 0.175 0.6 0.175 0.5895833333333333 0.1796875 0.575 0.184375 0.5708333333333333 0.1953125 0.5708333333333333 0.196875 0.5729166666666666
0 0.24375 0.4 0.25 0.4125 0.25 0.43125 0.2421875 0.44375 0.2328125 0.44375 0.221875 0.42916666666666664 0.221875 0.4083333333333333 0.2234375 0.4041666666666667 0.23125 0.3958333333333333 0.2390625 0.3958333333333333 0.2421875 0.4
0 0.2171875 0.225 0.225 0.23333333333333334 0.2296875 0.24583333333333332 0.2296875 0.25416666666666665 0.221875 0.27291666666666664 0.2140625 0.27291666666666664 0.209375 0.26875 0.203125 0.2604166666666667 0.2015625 0.25416666666666665 0.203125 0.23541666666666666 0.2109375 0.225 0.215625 0.225
0 0.5484375 0.36041666666666666 0.55625 0.375 0.55625 0.39375 0.553125 0.40208333333333335 0.5453125 0.41041666666666665 0.5390625 0.41041666666666665 0.5328125 0.4041666666666667 0.5296875 0.38958333333333334 0.5296875 0.3770833333333333 0.5359375 0.3625 0.54375 0.35833333333333334 0.546875 0.36041666666666666
0 0.2734375 0.07083333333333333 0.28125 0.07916666666666666 0.2859375 0.09375 0.2859375 0.11041666666666666 0.278125 0.12291666666666666 0.271875 0.12291666666666666 0.2609375 0.10625 0.259375 0.1 0.259375 0.0875 0.2625 0.07916666666666666 0.271875 0.07083333333333333
0 0.4203125 0.775 0.425 0.7791666666666667 0.4296875 0.7895833333333333 0.4296875 0.8104166666666667 0.425 0.825 0.41875 0.83125 0.4140625 0.83125 0.4078125 0.8270833333333333 0.403125 0.8208333333333333 0.4015625 0.8145833333333333 0.4015625 0.7916666666666666 0.409375 0.7791666666666667 0.4140625 0.775 0.41875 0.775
0 0.51875 0.10625 0.5265625 0.1125 0.5296875 0.12291666666666666 0.528125 0.14791666666666667 0.51875 0.16041666666666668 0.5125 0.16041666666666668 0.50625 0.15416666666666667 0.5046875 0.13333333333333333 0.503125 0.13125 0.50625 0.11458333333333333 0.5109375 0.10833333333333334 0.5171875 0.10625
0 0.4828125 0.04375 0.0265625 0.057291666666666664
0 0.240625 0.2520833333333333 0.2515625 0.26666666666666666 0.253125 0.275 0.2515625 0.28958333333333336 0.246875 0.29791666666666666 0.2421875 0.3 0.234375 0.29791666666666666 0.225 0.2833333333333333 0.225 0.26458333333333334 0.2265625 0.2604166666666667 0.23125 0.25416666666666665 0.2390625 0.2520833333333333