0 0.38515625 0.415625 0.03125 0.04583333333333333
0 0.43671875 0.6385416666666667 0.040625 0.075
0 0.3625 0.609375 0.04375 0.07083333333333333
0 0.23125 0.784375 0.053125 0.08333333333333333
0 0.409375 0.503125 0.034375 0.05416666666666667
0 0.36875 0.346875 0.028125 0.0375
0 0.3125 0.33958333333333335 0.028125 0.041666666666666664
0 0.62265625 0.4875 0.0375 0.058333333333333334
0 0.2296875 0.45416666666666666 0.034375 0.04583333333333333
0 0.2265625 0.5572916666666666 0.040625 0.058333333333333334
0 0.23125 0.7020833333333333 0.05 0.07916666666666666
0 0.6375 0.41354166666666664 0.034375 0.05416666666666667
0 0.23359375 0.4114583333333333 0.03125 0.041666666666666664
0 0.51328125 0.32916666666666666 0.0265625 0.041666666666666664
0 0.5625 0.4 0.03125 0.04583333333333333
0 0.2328125 0.346875 0.028125 0.0375
0 0.484375 0.27395833333333336 0.025 0.0375
0 0.503125 0.23229166666666667 0.021875 0.03333333333333333
0 0.34765625 0.2916666666666667 0.025 0.0375
0 0.4625 0.23020833333333332 0.021875 0.03333333333333333
0 0.66484375 0.28541666666666665 0.0265625 0.0375
0 0.7328125 0.35625 0.0328125 0.05
0 0.615625 0.23854166666666668 0.021875 0.03333333333333333
0 0.63671875 0.25729166666666664 0.025 0.0375
0 0.6953125 0.31354166666666666 0.03125 0.04583333333333333
0 0.55703125 0.18125 0.021875 0.029166666666666667
0 0.7734375 0.39166666666666666 0.0375 0.05416666666666667
0 0.5984375 0.21770833333333334 0.021875 0.03333333333333333
0 0.22890625 0.5010416666666667 0.0375 0.05
0 0.575 0.196875 0.021875 0.029166666666666667
0 0.23046875 0.6197916666666666 0.04375 0.06666666666666667