0 0.415625 0.27395833333333336 0.03125 0.059375
0 0.38046875 0.103125 0.03125 0.0625
0 0.325 0.10104166666666667 0.03203125 0.0625
0 0.4703125 0.09583333333333334 0.03125 0.06354166666666666
0 0.41640625 0.36770833333333336 0.03125 0.058333333333333334
0 0.22265625 0.359375 0.0328125 0.057291666666666664
0 0.63046875 0.359375 0.0359375 0.065625
0 0.42890625 0.09479166666666666 0.03125 0.06145833333333333
0 0.525 0.28020833333333334 0.03203125 0.06145833333333333
0 0.29921875 0.6385416666666667 0.0328125 0.057291666666666664
0 0.3078125 0.446875 0.03203125 0.057291666666666664
0 0.2875 0.08854166666666667 0.03046875 0.057291666666666664
0 0.19375 0.6197916666666666 0.03671875 0.058333333333333334
0 0.32734375 0.9552083333333333 0.0359375 0.06979166666666667
0 0.3875 0.9572916666666667 0.03671875 0.06979166666666667
0 0.4375 0.9635416666666666 0.03671875 0.06770833333333333
0 0.2359375 0.9354166666666667 0.03671875 0.06770833333333333
0 0.340625 0.7364583333333333 0.03203125 0.059375
0 0.2875 0.946875 0.0359375 0.06770833333333333
0 0.45859375 0.4666666666666667 0.0296875 0.053125
0 0.61953125 0.6802083333333333 0.0359375 0.06354166666666666
0 0.503125 0.9697916666666667 0.034375 0.05520833333333333
0 0.5015625 0.7489583333333333 0.03046875 0.057291666666666664