0 0.303125 0.3125 0.3109375 0.32083333333333336 0.3171875 0.3416666666666667 0.3125 0.36041666666666666 0.3046875 0.36666666666666664 0.29375 0.3645833333333333 0.284375 0.34791666666666665 0.2859375 0.3229166666666667 0.29375 0.3125 0.3015625 0.3125
0 0.5015625 0.21875 0.5078125 0.225 0.5109375 0.23333333333333334 0.5109375 0.24583333333333332 0.5125 0.24791666666666667 0.5078125 0.26875 0.4984375 0.27708333333333335 0.4921875 0.275 0.4859375 0.26875 0.4828125 0.25625 0.4828125 0.2375 0.484375 0.22916666666666666 0.4890625 0.22083333333333333 0.496875 0.21666666666666667 0.5 0.21875
0 0.509375 0.31666666666666665 0.5140625 0.32708333333333334 0.5140625 0.35208333333333336 0.5109375 0.3625 0.50625 0.36875 0.5015625 0.37083333333333335 0.49375 0.36875 0.4890625 0.3625 0.4859375 0.34791666666666665 0.4859375 0.33125 0.4890625 0.32083333333333336 0.496875 0.3125 0.5046875 0.3125 0.5078125 0.31666666666666665
0 0.7359375 0.9125 0.7484375 0.9270833333333334 0.753125 0.9458333333333333 0.7515625 0.9666666666666667 0.746875 0.9770833333333333 0.7421875 0.98125 0.7328125 0.98125 0.728125 0.9770833333333333 0.71875 0.9604166666666667 0.715625 0.95 0.7171875 0.9208333333333333 0.7234375 0.9125 0.734375 0.9125
0 0.7234375 0.6125 0.734375 0.625 0.7375 0.6354166666666666 0.7359375 0.6604166666666667 0.73125 0.66875 0.725 0.6729166666666667 0.71875 0.6729166666666667 0.7109375 0.66875 0.70625 0.6645833333333333 0.7015625 0.6541666666666667 0.7015625 0.6291666666666667 0.7109375 0.6166666666666667 0.7171875 0.6125 0.721875 0.6125
0 0.3390625 0.7875 0.3421875 0.8 0.340625 0.8229166666666666 0.3359375 0.83125 0.3265625 0.8395833333333333 0.31875 0.8395833333333333 0.3109375 0.8291666666666667 0.309375 0.8229166666666666 0.3109375 0.7958333333333333 0.315625 0.7875 0.3265625 0.78125 0.3359375 0.7833333333333333 0.3375 0.7875
0 0.4015625 0.04583333333333333 0.409375 0.05416666666666667 0.4140625 0.07291666666666667 0.4125 0.09375 0.4078125 0.10208333333333333 0.4015625 0.10625 0.396875 0.10625 0.3921875 0.10208333333333333 0.384375 0.07916666666666666 0.384375 0.06458333333333334 0.3875 0.05416666666666667 0.3921875 0.04791666666666667 0.4 0.04583333333333333
0 0.4453125 0.05 0.4515625 0.04791666666666667 0.4578125 0.05 0.4640625 0.06041666666666667 0.4671875 0.07916666666666666 0.465625 0.09375 0.459375 0.10625 0.453125 0.11041666666666666 0.4453125 0.10625 0.4421875 0.10208333333333333 0.4375 0.08125 0.4390625 0.06041666666666667 0.4453125 0.052083333333333336
0 0.365625 0.0375 0.36875 0.041666666666666664 0.375 0.0625 0.375 0.07708333333333334 0.3703125 0.08958333333333333 0.365625 0.09375 0.3578125 0.09375 0.353125 0.08958333333333333 0.3453125 0.06875 0.3453125 0.05 0.3484375 0.041666666666666664 0.3578125 0.035416666666666666 0.3640625 0.0375
0 0.603125 0.029166666666666667 0.6078125 0.027083333333333334 0.61875 0.029166666666666667 0.6265625 0.04791666666666667 0.621875 0.07708333333333334 0.615625 0.08541666666666667 0.6109375 0.0875 0.6015625 0.08541666666666667 0.596875 0.07708333333333334 0.5953125 0.052083333333333336 0.5984375 0.0375 0.603125 0.03125
0 0.4984375 0.9041666666666667 0.5046875 0.9166666666666666 0.5046875 0.9479166666666666 0.5 0.9604166666666667 0.4921875 0.9666666666666667 0.4828125 0.9645833333333333 0.4765625 0.9541666666666667 0.4734375 0.9416666666666667 0.4734375 0.925 0.4765625 0.9145833333333333 0.4859375 0.9 0.49375 0.9 0.496875 0.9041666666666667
0 0.3890625 0.2125 0.39375 0.20833333333333334 0.4015625 0.20833333333333334 0.40625 0.2125 0.4125 0.22916666666666666 0.4125 0.2520833333333333 0.4109375 0.25625 0.4015625 0.26666666666666666 0.3921875 0.26458333333333334 0.3875 0.25833333333333336 0.3828125 0.23958333333333334 0.3828125 0.22708333333333333 0.3890625 0.21458333333333332
0 0.3921875 0.5875 0.3953125 0.5916666666666667 0.3984375 0.5916666666666667 0.403125 0.6 0.4046875 0.6270833333333333 0.4015625 0.6354166666666666 0.390625 0.6416666666666667 0.3828125 0.6395833333333333 0.3765625 0.63125 0.3734375 0.61875 0.3734375 0.6083333333333333 0.378125 0.5958333333333333 0.38125 0.5916666666666667 0.390625 0.5875
0 0.3515625 0.253125 0.03203125 0.059375
0 0.2921875 0.5875 0.2953125 0.5958333333333333 0.2953125 0.6166666666666667 0.2890625 0.63125 0.2828125 0.6354166666666666 0.275 0.6354166666666666 0.2671875 0.63125 0.2625 0.6229166666666667 0.2609375 0.60625 0.2703125 0.5833333333333334 0.2828125 0.58125 0.290625 0.5875
0 0.3390625 0.8875 0.34375 0.8916666666666667 0.3484375 0.9041666666666667 0.3484375 0.9208333333333333 0.340625 0.94375 0.33125 0.9520833333333333 0.3234375 0.95 0.3171875 0.94375 0.3140625 0.93125 0.3140625 0.9125 0.325 0.8916666666666667 0.3296875 0.8875 0.3375 0.8875
0 0.6671875 0.20833333333333334 0.678125 0.21875 0.68125 0.22916666666666666 0.68125 0.23958333333333334 0.678125 0.2520833333333333 0.665625 0.26875 0.65625 0.26875 0.6484375 0.25625 0.6484375 0.23333333333333334 0.6515625 0.22083333333333333 0.6578125 0.2125 0.665625 0.20833333333333334
0 0.7234375 0.28958333333333336 0.7296875 0.2916666666666667 0.734375 0.29791666666666666 0.7390625 0.3125 0.7375 0.32916666666666666 0.7234375 0.34791666666666665 0.7109375 0.34791666666666665 0.703125 0.33541666666666664 0.703125 0.31666666666666665 0.70625 0.30625 0.715625 0.2916666666666667 0.721875 0.28958333333333336
0 0.6859375 0.9104166666666667 0.6921875 0.9166666666666666 0.7 0.9375 0.7 0.9604166666666667 0.6953125 0.9729166666666667 0.6921875 0.9770833333333333 0.6859375 0.9791666666666666 0.6765625 0.9770833333333333 0.671875 0.9708333333333333 0.6640625 0.9479166666666666 0.6640625 0.925 0.6671875 0.9166666666666666 0.675 0.9083333333333333 0.6828125 0.9083333333333333 0.684375 0.9104166666666667
0 0.615625 0.6041666666666666 0.6203125 0.6083333333333333 0.6265625 0.625 0.625 0.6479166666666667 0.615625 0.6604166666666667 0.6046875 0.6604166666666667 0.6 0.65625 0.59375 0.6416666666666667 0.59375 0.6229166666666667 0.596875 0.6125 0.603125 0.6041666666666666 0.6140625 0.6041666666666666
0 0.4171875 0.9604166666666667 0.4125 0.9458333333333333 0.4140625 0.91875 0.4171875 0.9104166666666667 0.4265625 0.9 0.434375 0.9 0.4421875 0.9104166666666667 0.4453125 0.9208333333333333 0.4453125 0.9375 0.4421875 0.9458333333333333 0.4421875 0.9520833333333333 0.434375 0.9645833333333333 0.428125 0.96875 0.4203125 0.9645833333333333 0.41875 0.9604166666666667
0 0.5015625 0.49375 0.50625 0.4979166666666667 0.509375 0.50625 0.509375 0.53125 0.5046875 0.5395833333333333 0.496875 0.5458333333333333 0.490625 0.54375 0.4828125 0.53125 0.48125 0.5125 0.4859375 0.49583333333333335 0.490625 0.49166666666666664 0.4984375 0.49166666666666664 0.5 0.49375
0 0.6109375 0.9104166666666667 0.61875 0.9166666666666666 0.6265625 0.9375 0.6265625 0.9604166666666667 0.6234375 0.9708333333333333 0.61875 0.9770833333333333 0.6125 0.9791666666666666 0.6046875 0.9770833333333333 0.5984375 0.96875 0.59375 0.9541666666666667 0.59375 0.9270833333333334 0.5953125 0.9208333333333333 0.6015625 0.9125 0.609375 0.9104166666666667
0 0.496875 0.04583333333333333 0.5078125 0.04583333333333333 0.515625 0.06041666666666667 0.515625 0.08958333333333333 0.5140625 0.09375 0.50625 0.10625 0.4984375 0.10625 0.490625 0.09583333333333334 0.4875 0.07708333333333334 0.4875 0.0625 0.49375 0.05 0.496875 0.04791666666666667
0 0.6140625 0.6854166666666667 0.6171875 0.6875 0.6234375 0.7 0.625 0.71875 0.6234375 0.7291666666666666 0.6203125 0.7354166666666667 0.609375 0.74375 0.6015625 0.7395833333333334 0.5953125 0.73125 0.5921875 0.7229166666666667 0.590625 0.7083333333333334 0.5921875 0.7 0.5984375 0.6875 0.603125 0.6833333333333333 0.6109375 0.6833333333333333 0.6125 0.6854166666666667
0 0.5625 0.05 0.565625 0.058333333333333334 0.565625 0.08333333333333333 0.5609375 0.09791666666666667 0.5546875 0.10416666666666667 0.5453125 0.10416666666666667 0.5390625 0.09791666666666667 0.5359375 0.07708333333333334 0.5375 0.075 0.5375 0.0625 0.5390625 0.05416666666666667 0.5453125 0.04583333333333333 0.5546875 0.04375 0.559375 0.04583333333333333 0.5609375 0.05
0 0.61875 0.3958333333333333 0.6265625 0.41041666666666665 0.6265625 0.43125 0.6234375 0.4395833333333333 0.6125 0.45208333333333334 0.6046875 0.45208333333333334 0.596875 0.44166666666666665 0.5953125 0.41458333333333336 0.6046875 0.3958333333333333 0.6109375 0.39375 0.6171875 0.3958333333333333
0 0.5421875 0.940625 0.03359375 0.06979166666666667
0 0.3984375 0.39791666666666664 0.4046875 0.4083333333333333 0.40625 0.4354166666666667 0.403125 0.44375 0.39375 0.45208333333333334 0.38125 0.44375 0.3765625 0.43125 0.3765625 0.4125 0.38125 0.4 0.3875 0.3958333333333333 0.3953125 0.3958333333333333 0.396875 0.39791666666666664
0 0.390625 0.89375 0.3953125 0.8958333333333334 0.4 0.9020833333333333 0.403125 0.9145833333333333 0.403125 0.93125 0.4 0.9395833333333333 0.4 0.9479166666666666 0.390625 0.9604166666666667 0.3796875 0.9604166666666667 0.371875 0.9479166666666666 0.3703125 0.9375 0.371875 0.9145833333333333 0.3828125 0.8958333333333334 0.3890625 0.89375