0 0.77734375 0.37083333333333335 0.03125 0.05416666666666667
0 0.75546875 0.696875 0.0265625 0.04583333333333333
0 0.734375 0.540625 0.028125 0.05
0 0.73984375 0.7447916666666666 0.0265625 0.05
0 0.4734375 0.83125 0.025 0.05
0 0.703125 0.840625 0.025 0.04583333333333333
0 0.465625 0.903125 0.025 0.05
0 0.734375 0.6739583333333333 0.028125 0.05
0 0.7859375 0.61875 0.028125 0.05
0 0.471875 0.7604166666666666 0.025 0.05
0 0.7203125 0.9135416666666667 0.025 0.05
0 0.8328125 0.7520833333333333 0.028125 0.05
0 0.50859375 0.25625 0.028125 0.05
0 0.56875 0.7625 0.025 0.05
0 0.525 0.9833333333333333 0.025 0.03333333333333333
0 0.296875 0.6677083333333333 0.03125 0.05416666666666667
0 0.68359375 0.9322916666666666 0.025 0.05
0 0.5640625 0.18541666666666667 0.03125 0.058333333333333334
0 0.6609375 0.9916666666666667 0.021875 0.016666666666666666
0 0.440625 0.6020833333333333 0.028125 0.05