0 0.565625 0.78125 0.571875 0.7895833333333333 0.5734375 0.7979166666666667 0.571875 0.8125 0.559375 0.8229166666666666 0.5515625 0.8229166666666666 0.5390625 0.8166666666666667 0.5359375 0.8125 0.534375 0.8 0.5359375 0.7895833333333333 0.5453125 0.7791666666666667 0.5625 0.7791666666666667 0.5640625 0.78125
0 0.8046875 0.6083333333333333 0.8125 0.6125 0.821875 0.625 0.821875 0.6354166666666666 0.81875 0.6416666666666667 0.8078125 0.65 0.7984375 0.65 0.784375 0.64375 0.7765625 0.6333333333333333 0.775 0.6270833333333333 0.7765625 0.6166666666666667 0.7796875 0.6125 0.79375 0.60625 0.803125 0.6083333333333333
0 0.3890625 0.4979166666666667 0.396875 0.5083333333333333 0.396875 0.51875 0.3875 0.5291666666666667 0.378125 0.5333333333333333 0.3703125 0.5333333333333333 0.3578125 0.525 0.3546875 0.51875 0.3546875 0.5083333333333333 0.359375 0.5 0.3703125 0.49375 0.38125 0.49375 0.3875 0.4979166666666667
0 0.4390625 0.9375 0.44375 0.9395833333333333 0.45 0.9479166666666666 0.45 0.9625 0.446875 0.9729166666666667 0.4359375 0.9791666666666666 0.428125 0.9791666666666666 0.4203125 0.975 0.4140625 0.9666666666666667 0.4140625 0.9541666666666667 0.4234375 0.9395833333333333 0.4375 0.9375
0 0.175 0.6666666666666666 0.18125 0.675 0.1828125 0.6854166666666667 0.1765625 0.6958333333333333 0.1640625 0.7041666666666667 0.153125 0.7041666666666667 0.1453125 0.7 0.1390625 0.6895833333333333 0.1390625 0.6791666666666667 0.1421875 0.6729166666666667 0.1515625 0.6666666666666666 0.159375 0.6666666666666666 0.1609375 0.6645833333333333 0.1734375 0.6666666666666666
0 0.625 0.21458333333333332 0.634375 0.22083333333333333 0.6390625 0.23125 0.6375 0.24583333333333332 0.625 0.2625 0.6078125 0.2625 0.5953125 0.24583333333333332 0.5953125 0.23125 0.5984375 0.225 0.6125 0.21458333333333332 0.6234375 0.21458333333333332
0 0.79375 0.6583333333333333 0.809375 0.6666666666666666 0.8140625 0.6770833333333334 0.8125 0.6895833333333333 0.80625 0.6979166666666666 0.8015625 0.7 0.78125 0.6979166666666666 0.7734375 0.6916666666666667 0.7671875 0.6791666666666667 0.76875 0.66875 0.778125 0.6583333333333333 0.7921875 0.6583333333333333
0 0.659375 0.5291666666666667 0.66875 0.5395833333333333 0.6703125 0.55 0.66875 0.55625 0.6578125 0.5666666666666667 0.6453125 0.5666666666666667 0.6359375 0.5604166666666667 0.6296875 0.5520833333333334 0.6296875 0.54375 0.6359375 0.53125 0.6453125 0.5270833333333333 0.6578125 0.5291666666666667
0 0.58125 0.6479166666666667 0.5875 0.65625 0.590625 0.66875 0.584375 0.68125 0.5703125 0.6875 0.5625 0.6854166666666667 0.5515625 0.6729166666666667 0.5515625 0.6604166666666667 0.5609375 0.6479166666666667 0.5671875 0.6458333333333334 0.5796875 0.6479166666666667
0 0.7609375 0.7291666666666666 0.7734375 0.7229166666666667 0.7828125 0.725 0.7953125 0.73125 0.8 0.7375 0.8015625 0.7458333333333333 0.8015625 0.7541666666666667 0.7953125 0.7645833333333333 0.790625 0.7666666666666667 0.7703125 0.7645833333333333 0.7578125 0.7458333333333333 0.7578125 0.7354166666666667 0.7609375 0.73125
0 0.184375 0.6166666666666667 0.190625 0.625 0.1921875 0.63125 0.190625 0.6395833333333333 0.184375 0.6479166666666667 0.171875 0.6541666666666667 0.1546875 0.6520833333333333 0.1484375 0.6416666666666667 0.1484375 0.6270833333333333 0.153125 0.6208333333333333 0.1671875 0.6145833333333334 0.18125 0.6145833333333334 0.1828125 0.6166666666666667
0 0.3484375 0.7833333333333333 0.3453125 0.7770833333333333 0.3453125 0.7625 0.3546875 0.75 0.359375 0.7479166666666667 0.378125 0.75 0.384375 0.7604166666666666 0.384375 0.7708333333333334 0.378125 0.7833333333333333 0.36875 0.7895833333333333 0.359375 0.7895833333333333 0.35 0.7833333333333333
0 0.4328125 0.44583333333333336 0.44375 0.4375 0.4578125 0.4375 0.465625 0.44375 0.46875 0.45416666666666666 0.46875 0.46041666666666664 0.4625 0.47291666666666665 0.4421875 0.475 0.4359375 0.4708333333333333 0.43125 0.4625 0.4328125 0.4479166666666667
0 0.440625 0.6375 0.45 0.6479166666666667 0.4515625 0.6541666666666667 0.446875 0.6666666666666666 0.4421875 0.6729166666666667 0.434375 0.6770833333333334 0.4234375 0.675 0.4140625 0.66875 0.4109375 0.6625 0.4109375 0.65 0.421875 0.6375 0.4296875 0.6354166666666666 0.4375 0.6354166666666666 0.4390625 0.6375
0 0.403125 0.875 0.409375 0.8833333333333333 0.409375 0.8958333333333334 0.40625 0.90625 0.4 0.9125 0.3828125 0.9125 0.3734375 0.9041666666666667 0.371875 0.89375 0.3796875 0.8770833333333333 0.3859375 0.8729166666666667 0.4 0.8729166666666667 0.4015625 0.875
0 0.459375 0.19375 0.465625 0.19791666666666666 0.471875 0.20833333333333334 0.471875 0.22083333333333333 0.4734375 0.22291666666666668 0.46875 0.23541666666666666 0.459375 0.24166666666666667 0.4515625 0.24166666666666667 0.446875 0.2375 0.4390625 0.23541666666666666 0.4296875 0.22083333333333333 0.4296875 0.20833333333333334 0.4375 0.19583333333333333 0.4453125 0.19166666666666668 0.4578125 0.19375
0 0.6734375 0.37916666666666665 0.684375 0.38958333333333334 0.684375 0.40208333333333335 0.678125 0.4125 0.66875 0.41875 0.659375 0.41875 0.65 0.41458333333333336 0.6453125 0.41041666666666665 0.6421875 0.40208333333333335 0.6421875 0.3958333333333333 0.6515625 0.38125 0.6640625 0.3770833333333333 0.671875 0.37916666666666665
0 0.315625 0.49583333333333335 0.325 0.50625 0.325 0.51875 0.31875 0.5270833333333333 0.30625 0.5333333333333333 0.2953125 0.5333333333333333 0.2890625 0.5291666666666667 0.2828125 0.5208333333333334 0.2828125 0.5041666666666667 0.2859375 0.5 0.2984375 0.49375 0.3125 0.49375 0.3140625 0.49583333333333335
0 0.828125 0.46875 0.8375 0.47708333333333336 0.8375 0.49375 0.83125 0.5020833333333333 0.8234375 0.50625 0.80625 0.50625 0.8 0.5020833333333333 0.7921875 0.49375 0.790625 0.48333333333333334 0.7953125 0.47291666666666665 0.8046875 0.4666666666666667 0.8265625 0.46875
0 0.184375 0.5416666666666666 0.190625 0.5458333333333333 0.1953125 0.55625 0.1953125 0.5625 0.190625 0.5708333333333333 0.1765625 0.5791666666666667 0.1625 0.5791666666666667 0.15625 0.575 0.1515625 0.56875 0.15 0.5541666666666667 0.1546875 0.5458333333333333 0.1625 0.5416666666666666 0.171875 0.5416666666666666 0.1734375 0.5395833333333333 0.1828125 0.5416666666666666
0 0.178125 0.47708333333333336 0.1875 0.48541666666666666 0.1875 0.5 0.1765625 0.5104166666666666 0.1609375 0.5145833333333333 0.15 0.5104166666666666 0.1421875 0.5020833333333333 0.1421875 0.48541666666666666 0.146875 0.4791666666666667 0.1546875 0.475 0.1765625 0.47708333333333336
0 0.8125 0.5333333333333333 0.825 0.5416666666666666 0.828125 0.5479166666666667 0.828125 0.5583333333333333 0.821875 0.56875 0.80625 0.575 0.8 0.575 0.7859375 0.5645833333333333 0.78125 0.55625 0.78125 0.5479166666666667 0.7875 0.5375 0.79375 0.5333333333333333 0.8109375 0.5333333333333333
0 0.178125 0.41875 0.1890625 0.42916666666666664 0.1890625 0.44166666666666665 0.18125 0.45208333333333334 0.165625 0.45625 0.1546875 0.45416666666666666 0.1484375 0.45 0.14375 0.4395833333333333 0.14375 0.42916666666666664 0.15 0.41875 0.1546875 0.4166666666666667 0.175 0.4166666666666667 0.1765625 0.41875