0 0.65 0.27708333333333335 0.65625 0.2791666666666667 0.6625 0.2875 0.6640625 0.3104166666666667 0.6609375 0.3229166666666667 0.6546875 0.33125 0.6453125 0.3375 0.6375 0.33541666666666664 0.634375 0.33125 0.63125 0.3229166666666667 0.63125 0.30416666666666664 0.6359375 0.2875 0.6421875 0.2791666666666667 0.6484375 0.27708333333333335
0 0.3484375 0.7229166666666667 0.34375 0.7104166666666667 0.3453125 0.6875 0.3515625 0.675 0.3578125 0.6729166666666667 0.365625 0.6729166666666667 0.3734375 0.6791666666666667 0.3765625 0.6895833333333333 0.3765625 0.70625 0.3734375 0.7166666666666667 0.3625 0.7270833333333333 0.3515625 0.7270833333333333 0.35 0.7229166666666667
0 0.225 0.18958333333333333 0.2375 0.20416666666666666 0.240625 0.2125 0.240625 0.23125 0.23125 0.24791666666666667 0.221875 0.24791666666666667 0.2171875 0.24375 0.2078125 0.22708333333333333 0.209375 0.2 0.215625 0.19166666666666668 0.2234375 0.18958333333333333
0 0.4296875 0.2 0.4375 0.20833333333333334 0.4421875 0.22291666666666668 0.440625 0.24791666666666667 0.43125 0.2604166666666667 0.425 0.2604166666666667 0.4171875 0.2520833333333333 0.4109375 0.23125 0.4109375 0.22083333333333333 0.4171875 0.20416666666666666 0.4234375 0.2 0.428125 0.2
0 0.43125 0.0125 0.4421875 0.0125 0.4484375 0.020833333333333332 0.4515625 0.03333333333333333 0.4515625 0.058333333333333334 0.446875 0.06875 0.4390625 0.075 0.43125 0.07291666666666667 0.4234375 0.05625 0.421875 0.04583333333333333 0.4234375 0.025 0.43125 0.014583333333333334
0 0.4328125 0.29791666666666666 0.4421875 0.30833333333333335 0.4453125 0.32916666666666666 0.4421875 0.3458333333333333 0.4390625 0.35208333333333336 0.4328125 0.35625 0.428125 0.35625 0.425 0.35208333333333336 0.421875 0.35208333333333336 0.41875 0.34791666666666665 0.4140625 0.33125 0.4140625 0.31875 0.41875 0.30416666666666664 0.421875 0.3 0.43125 0.29791666666666666
0 0.0671875 0.4041666666666667 0.078125 0.4041666666666667 0.08125 0.4083333333333333 0.084375 0.4083333333333333 0.0921875 0.42083333333333334 0.0921875 0.4395833333333333 0.0859375 0.45208333333333334 0.08125 0.45625 0.0734375 0.45625 0.065625 0.45208333333333334 0.059375 0.44375 0.0578125 0.425 0.0609375 0.41458333333333336 0.0671875 0.40625
0 0.2953125 0.014583333333333334 0.3 0.020833333333333332 0.3046875 0.03333333333333333 0.30625 0.052083333333333336 0.303125 0.06458333333333334 0.2921875 0.07291666666666667 0.28125 0.06458333333333334 0.275 0.05 0.2734375 0.03333333333333333 0.2765625 0.020833333333333332 0.2796875 0.016666666666666666 0.284375 0.0125 0.2921875 0.0125 0.29375 0.014583333333333334
0 0.64375 0.6020833333333333 0.6515625 0.6083333333333333 0.6578125 0.6229166666666667 0.65625 0.6458333333333334 0.6515625 0.65625 0.646875 0.6604166666666667 0.6375 0.6604166666666667 0.6265625 0.6479166666666667 0.6234375 0.6395833333333333 0.6234375 0.6208333333333333 0.6265625 0.6125 0.6328125 0.6041666666666666 0.6421875 0.6020833333333333
0 0.321875 0.8833333333333333 0.328125 0.8979166666666667 0.328125 0.9125 0.321875 0.9333333333333333 0.3140625 0.94375 0.3015625 0.94375 0.2953125 0.9354166666666667 0.29375 0.93125 0.29375 0.9041666666666667 0.2984375 0.8916666666666667 0.30625 0.8833333333333333 0.3125 0.8791666666666667 0.3171875 0.8791666666666667 0.3203125 0.8833333333333333
0 0.3171875 0.575 0.325 0.5791666666666667 0.3328125 0.5958333333333333 0.33125 0.6145833333333334 0.328125 0.6229166666666667 0.3171875 0.63125 0.3109375 0.63125 0.3046875 0.6270833333333333 0.3 0.61875 0.3 0.6083333333333333 0.2984375 0.60625 0.3 0.5895833333333333 0.30625 0.5791666666666667 0.315625 0.5770833333333333
0 0.415625 0.8833333333333333 0.425 0.89375 0.428125 0.9041666666666667 0.428125 0.9145833333333333 0.4234375 0.9395833333333333 0.41875 0.9479166666666666 0.4109375 0.9520833333333333 0.403125 0.9479166666666666 0.396875 0.9395833333333333 0.3953125 0.9125 0.396875 0.9041666666666667 0.403125 0.8916666666666667 0.4140625 0.8833333333333333
0 0.4703125 0.89375 0.478125 0.9083333333333333 0.478125 0.9354166666666667 0.475 0.9479166666666666 0.4671875 0.95625 0.4578125 0.95625 0.4515625 0.9479166666666666 0.4484375 0.9395833333333333 0.446875 0.91875 0.4515625 0.9041666666666667 0.459375 0.8916666666666667 0.4671875 0.8916666666666667 0.46875 0.89375
0 0.2625 0.8708333333333333 0.271875 0.8791666666666667 0.275 0.8979166666666667 0.2734375 0.9 0.2734375 0.9104166666666667 0.26875 0.9229166666666667 0.259375 0.9354166666666667 0.246875 0.9354166666666667 0.240625 0.9270833333333334 0.2390625 0.8979166666666667 0.246875 0.8791666666666667 0.2609375 0.8708333333333333
0 0.4859375 0.014583333333333334 0.4890625 0.016666666666666666 0.4953125 0.03333333333333333 0.4953125 0.06041666666666667 0.4921875 0.06875 0.484375 0.07708333333333334 0.478125 0.07708333333333334 0.471875 0.07291666666666667 0.465625 0.04791666666666667 0.465625 0.03333333333333333 0.46875 0.022916666666666665 0.4765625 0.014583333333333334 0.484375 0.014583333333333334
0 0.3625 0.8875 0.36875 0.9020833333333333 0.36875 0.9208333333333333 0.365625 0.9354166666666667 0.3578125 0.9479166666666666 0.3515625 0.9520833333333333 0.3421875 0.9479166666666666 0.3375 0.9416666666666667 0.334375 0.93125 0.334375 0.9125 0.3375 0.9020833333333333 0.346875 0.8875 0.3515625 0.8854166666666666 0.359375 0.8854166666666666 0.3609375 0.8875
0 0.215625 0.3 0.2203125 0.29583333333333334 0.23125 0.29583333333333334 0.2359375 0.3 0.24375 0.3145833333333333 0.24375 0.33541666666666664 0.240625 0.34375 0.2375 0.34791666666666665 0.2265625 0.35 0.2140625 0.33958333333333335 0.2109375 0.32916666666666666 0.2109375 0.3125 0.215625 0.3020833333333333
0 0.209375 0.56875 0.215625 0.5708333333333333 0.2203125 0.5770833333333333 0.2234375 0.5875 0.2234375 0.6 0.2203125 0.6125 0.209375 0.6229166666666667 0.1984375 0.6229166666666667 0.1921875 0.61875 0.1875 0.6083333333333333 0.1875 0.5875 0.1921875 0.575 0.2 0.56875 0.2078125 0.56875
0 0.5421875 0.20208333333333334 0.55 0.20833333333333334 0.553125 0.21666666666666667 0.5546875 0.23541666666666666 0.55 0.25416666666666665 0.540625 0.2625 0.53125 0.2604166666666667 0.5265625 0.25416666666666665 0.5234375 0.23958333333333334 0.525 0.21458333333333332 0.53125 0.20416666666666666 0.540625 0.20208333333333334
0 0.3953125 0.029166666666666667 0.4015625 0.04791666666666667 0.4015625 0.07291666666666667 0.3921875 0.08541666666666667 0.3828125 0.08541666666666667 0.3765625 0.07708333333333334 0.375 0.06666666666666667 0.371875 0.06041666666666667 0.371875 0.041666666666666664 0.375 0.03333333333333333 0.3828125 0.025 0.390625 0.025 0.39375 0.029166666666666667
0 0.6 0.89375 0.6046875 0.8958333333333334 0.6125 0.9083333333333333 0.6171875 0.9333333333333333 0.6109375 0.95625 0.603125 0.9625 0.5921875 0.9604166666666667 0.5859375 0.95 0.5828125 0.9354166666666667 0.5828125 0.9083333333333333 0.590625 0.8958333333333334 0.5984375 0.89375
0 0.3296875 0.053125 0.03359375 0.0625
0 0.478125 0.39791666666666664 0.4875 0.4083333333333333 0.490625 0.42083333333333334 0.4875 0.44375 0.484375 0.4479166666666667 0.478125 0.45 0.46875 0.4479166666666667 0.4625 0.4395833333333333 0.4609375 0.43125 0.4609375 0.4125 0.4640625 0.4041666666666667 0.4671875 0.4 0.4765625 0.39791666666666664
0 0.53125 0.89375 0.540625 0.9041666666666667 0.5453125 0.9333333333333333 0.5390625 0.95625 0.5359375 0.9604166666666667 0.5296875 0.9625 0.51875 0.95625 0.5125 0.9375 0.5125 0.9208333333333333 0.515625 0.90625 0.521875 0.8958333333333334 0.5296875 0.89375
0 0.3265625 0.38333333333333336 0.3328125 0.39166666666666666 0.3359375 0.4041666666666667 0.334375 0.42291666666666666 0.3265625 0.4354166666666667 0.3171875 0.4354166666666667 0.3140625 0.43125 0.3109375 0.43125 0.303125 0.41458333333333336 0.303125 0.4 0.30625 0.38958333333333334 0.3109375 0.38333333333333336 0.315625 0.38125 0.3234375 0.38125 0.325 0.38333333333333336