0 0.278125 0.8802083333333334 0.034375 0.0625
0 0.375 0.8854166666666666 0.03125 0.058333333333333334
0 0.475 0.8885416666666667 0.0296875 0.058333333333333334
0 0.56953125 0.8854166666666666 0.0296875 0.058333333333333334
0 0.5265625 0.10520833333333333 0.028125 0.058333333333333334
0 0.51953125 0.8927083333333333 0.0296875 0.058333333333333334
0 0.3828125 0.528125 0.0296875 0.05
0 0.6234375 0.9072916666666667 0.03125 0.0625
0 0.6765625 0.6239583333333333 0.03125 0.05416666666666667
0 0.4828125 0.109375 0.028125 0.058333333333333334
0 0.66953125 0.09791666666666667 0.03125 0.058333333333333334
0 0.52421875 0.5302083333333333 0.0265625 0.05
0 0.290625 0.3572916666666667 0.03125 0.05416666666666667
0 0.3828125 0.359375 0.0296875 0.05
0 0.2828125 0.6135416666666667 0.034375 0.05416666666666667
0 0.296875 0.11354166666666667 0.03125 0.058333333333333334
0 0.3890625 0.10520833333333333 0.03125 0.05416666666666667
0 0.575 0.3625 0.0265625 0.05
0 0.48125 0.359375 0.028125 0.05416666666666667
0 0.6671875 0.26145833333333335 0.03125 0.058333333333333334
0 0.478125 0.6197916666666666 0.028125 0.05416666666666667
0 0.6796875 0.36354166666666665 0.0296875 0.05416666666666667
0 0.57421875 0.6197916666666666 0.0265625 0.05
0 0.57421875 0.7166666666666667 0.028125 0.05416666666666667
0 0.484375 0.18854166666666666 0.028125 0.05416666666666667
0 0.4828125 0.26979166666666665 0.028125 0.05416666666666667
0 0.340625 0.27291666666666664 0.03125 0.05416666666666667
0 0.4265625 0.8864583333333333 0.0296875 0.058333333333333334
0 0.4796875 0.44479166666666664 0.028125 0.05