0 0.6484375 0.6520833333333333 0.65625 0.65625 0.6671875 0.6729166666666667 0.6671875 0.6833333333333333 0.66875 0.6854166666666667 0.6671875 0.6875 0.6671875 0.6979166666666666 0.6625 0.7083333333333334 0.65625 0.7125 0.646875 0.7125 0.6421875 0.7083333333333334 0.6390625 0.7041666666666667 0.634375 0.6875 0.634375 0.6666666666666666 0.6390625 0.65625 0.646875 0.6520833333333333
0 0.228125 0.7520833333333333 0.2359375 0.7604166666666666 0.2390625 0.76875 0.2390625 0.7875 0.23125 0.8041666666666667 0.225 0.8104166666666667 0.2109375 0.8083333333333333 0.20625 0.7979166666666667 0.2046875 0.775 0.20625 0.76875 0.2125 0.7604166666666666 0.221875 0.7520833333333333 0.2265625 0.7520833333333333
0 0.434375 0.7375 0.440625 0.74375 0.44375 0.7520833333333333 0.44375 0.775 0.440625 0.7854166666666667 0.4328125 0.7958333333333333 0.421875 0.79375 0.4171875 0.7875 0.4125 0.7708333333333334 0.4125 0.7645833333333333 0.41875 0.74375 0.425 0.7375 0.4296875 0.7354166666666667 0.4328125 0.7375
0 0.434375 0.6395833333333333 0.440625 0.64375 0.44375 0.65 0.446875 0.66875 0.44375 0.6854166666666667 0.440625 0.6916666666666667 0.43125 0.6979166666666666 0.4203125 0.6916666666666667 0.415625 0.675 0.415625 0.6645833333333333 0.421875 0.6458333333333334 0.428125 0.6395833333333333 0.4328125 0.6395833333333333
0 0.0734375 0.54375 0.0828125 0.5541666666666667 0.0859375 0.5708333333333333 0.08125 0.5875 0.06875 0.5979166666666667 0.0625 0.5979166666666667 0.0546875 0.5916666666666667 0.05 0.575 0.05 0.5645833333333333 0.053125 0.5520833333333334 0.0578125 0.5479166666666667 0.071875 0.54375
0 0.3328125 0.75 0.34375 0.7645833333333333 0.34375 0.7833333333333333 0.340625 0.7958333333333333 0.3328125 0.8083333333333333 0.3203125 0.8083333333333333 0.3140625 0.8 0.3109375 0.7875 0.3125 0.76875 0.321875 0.7520833333333333 0.33125 0.75
0 0.2953125 0.9291666666666667 0.303125 0.9354166666666667 0.30625 0.94375 0.30625 0.9583333333333334 0.3015625 0.9791666666666666 0.2953125 0.9875 0.290625 0.9895833333333334 0.2828125 0.9875 0.2765625 0.9791666666666666 0.2734375 0.96875 0.2734375 0.9604166666666667 0.275 0.9520833333333333 0.2828125 0.9354166666666667 0.2890625 0.9291666666666667 0.29375 0.9291666666666667
0 0.3625 0.26458333333333334 0.371875 0.275 0.375 0.28541666666666665 0.375 0.3020833333333333 0.371875 0.3125 0.3609375 0.32083333333333336 0.3515625 0.31666666666666665 0.3453125 0.30625 0.3421875 0.29583333333333334 0.3421875 0.2833333333333333 0.3453125 0.27291666666666664 0.353125 0.26458333333333334 0.3609375 0.26458333333333334
0 0.653125 0.33125 0.659375 0.34375 0.6609375 0.35833333333333334 0.6578125 0.3729166666666667 0.646875 0.3875 0.6390625 0.3875 0.628125 0.375 0.625 0.36666666666666664 0.625 0.35208333333333336 0.63125 0.33541666666666664 0.6359375 0.33125 0.64375 0.32708333333333334 0.6515625 0.33125
0 0.4140625 0.035416666666666666 0.41875 0.03958333333333333 0.4265625 0.06458333333333334 0.425 0.08958333333333333 0.4203125 0.1 0.4140625 0.10416666666666667 0.409375 0.10416666666666667 0.3984375 0.09166666666666666 0.3921875 0.07083333333333333 0.3953125 0.04375 0.4046875 0.035416666666666666 0.4125 0.035416666666666666
0 0.46875 0.03125 0.4734375 0.035416666666666666 0.4765625 0.04583333333333333 0.478125 0.07916666666666666 0.471875 0.09166666666666666 0.4671875 0.09583333333333334 0.4578125 0.09583333333333334 0.446875 0.075 0.446875 0.052083333333333336 0.4515625 0.035416666666666666 0.4578125 0.029166666666666667 0.465625 0.029166666666666667 0.4671875 0.03125
0 0.2125 0.3770833333333333 0.21875 0.39166666666666666 0.21875 0.41041666666666665 0.2171875 0.4166666666666667 0.2125 0.42291666666666666 0.203125 0.4270833333333333 0.19375 0.4270833333333333 0.1859375 0.41875 0.1828125 0.41041666666666665 0.18125 0.39166666666666666 0.184375 0.38125 0.190625 0.3729166666666667 0.2078125 0.3729166666666667 0.2109375 0.3770833333333333
0 0.315625 0.3625 0.325 0.36875 0.3296875 0.3770833333333333 0.33125 0.3875 0.3296875 0.4041666666666667 0.321875 0.4166666666666667 0.3078125 0.4166666666666667 0.3 0.4083333333333333 0.296875 0.4 0.296875 0.3854166666666667 0.3 0.37083333333333335 0.3046875 0.3645833333333333 0.3140625 0.3625
0 0.4921875 0.9125 0.5 0.9270833333333334 0.5 0.95 0.496875 0.9645833333333333 0.4921875 0.9708333333333333 0.4859375 0.9729166666666667 0.478125 0.9708333333333333 0.475 0.9666666666666667 0.4703125 0.9520833333333333 0.4703125 0.9375 0.4734375 0.91875 0.478125 0.9125 0.48125 0.9104166666666667 0.4890625 0.9104166666666667 0.490625 0.9125
0 0.3515625 0.035416666666666666 0.3609375 0.04791666666666667 0.3671875 0.06875 0.365625 0.0875 0.3609375 0.1 0.3578125 0.1 0.3546875 0.10416666666666667 0.35 0.10416666666666667 0.340625 0.09583333333333334 0.334375 0.08541666666666667 0.33125 0.075 0.33125 0.052083333333333336 0.3328125 0.04791666666666667 0.3421875 0.035416666666666666 0.35 0.035416666666666666
0 0.2328125 0.65 0.2390625 0.65625 0.2421875 0.6645833333333333 0.2421875 0.6833333333333333 0.2390625 0.6916666666666667 0.2296875 0.7041666666666667 0.21875 0.7041666666666667 0.2109375 0.6958333333333333 0.2078125 0.6875 0.2078125 0.6729166666666667 0.2109375 0.6604166666666667 0.2140625 0.65625 0.225 0.6479166666666667 0.23125 0.65
0 0.5453125 0.73125 0.553125 0.7395833333333334 0.55625 0.7479166666666667 0.55625 0.775 0.5546875 0.78125 0.54375 0.7916666666666666 0.5390625 0.7916666666666666 0.5328125 0.7875 0.5265625 0.7708333333333334 0.5265625 0.7520833333333333 0.53125 0.7354166666666667 0.5359375 0.73125 0.54375 0.73125
0 0.3796875 0.9229166666666667 0.384375 0.91875 0.3921875 0.91875 0.3984375 0.9270833333333334 0.4015625 0.9375 0.4015625 0.9583333333333334 0.3984375 0.9708333333333333 0.3921875 0.9791666666666666 0.38125 0.9791666666666666 0.3765625 0.975 0.371875 0.9645833333333333 0.371875 0.94375 0.3796875 0.925
0 0.6109375 0.027083333333333334 0.6171875 0.041666666666666664 0.6171875 0.06666666666666667 0.6109375 0.08333333333333333 0.6046875 0.09166666666666666 0.6 0.09375 0.5921875 0.09166666666666666 0.5875 0.0875 0.5828125 0.075 0.5828125 0.05416666666666667 0.5890625 0.03125 0.5953125 0.022916666666666665 0.60625 0.022916666666666665 0.609375 0.027083333333333334
0 0.3375 0.9166666666666666 0.34375 0.925 0.3453125 0.9479166666666666 0.3390625 0.9708333333333333 0.33125 0.9770833333333333 0.321875 0.975 0.31875 0.9708333333333333 0.3140625 0.95625 0.3140625 0.9479166666666666 0.321875 0.9229166666666667 0.328125 0.9166666666666666 0.3328125 0.9145833333333333 0.3359375 0.9166666666666666
0 0.4859375 0.5458333333333333 0.4921875 0.5604166666666667 0.4921875 0.575 0.4859375 0.5916666666666667 0.48125 0.5958333333333333 0.471875 0.5958333333333333 0.4671875 0.5916666666666667 0.4609375 0.5729166666666666 0.4625 0.5708333333333333 0.4625 0.5604166666666667 0.4671875 0.5479166666666667 0.471875 0.54375 0.4828125 0.54375 0.484375 0.5458333333333333
0 0.5328125 0.022916666666666665 0.540625 0.03125 0.5453125 0.04791666666666667 0.54375 0.07291666666666667 0.540625 0.08333333333333333 0.534375 0.09166666666666666 0.5234375 0.09166666666666666 0.5171875 0.08333333333333333 0.5125 0.06458333333333334 0.5125 0.04791666666666667 0.51875 0.03125 0.5234375 0.025 0.53125 0.022916666666666665
0 0.4375 0.9104166666666667 0.44375 0.9145833333333333 0.45 0.9270833333333334 0.45 0.9541666666666667 0.4453125 0.9666666666666667 0.4390625 0.9729166666666667 0.43125 0.9729166666666667 0.425 0.9666666666666667 0.4203125 0.9458333333333333 0.4265625 0.91875 0.4359375 0.9104166666666667
0 0.2546875 0.052083333333333336 0.2625 0.06041666666666667 0.2703125 0.08333333333333333 0.2703125 0.1 0.2609375 0.11666666666666667 0.2515625 0.11666666666666667 0.2453125 0.1125 0.2359375 0.09791666666666667 0.2328125 0.08333333333333333 0.2328125 0.06875 0.2375 0.05625 0.2421875 0.052083333333333336 0.253125 0.052083333333333336
0 0.3265625 0.5604166666666667 0.3328125 0.5708333333333333 0.3359375 0.5854166666666667 0.3328125 0.6020833333333333 0.321875 0.6166666666666667 0.3109375 0.6145833333333334 0.3046875 0.60625 0.3015625 0.59375 0.3015625 0.58125 0.3109375 0.5645833333333333 0.3140625 0.5645833333333333 0.3171875 0.5604166666666667 0.325 0.5604166666666667
0 0.3046875 0.03958333333333333 0.3125 0.04375 0.31875 0.052083333333333336 0.3234375 0.06666666666666667 0.325 0.09166666666666666 0.315625 0.10833333333333334 0.3078125 0.10833333333333334 0.296875 0.1 0.2890625 0.08125 0.290625 0.05416666666666667 0.296875 0.04375 0.303125 0.041666666666666664