0 0.5578125 0.8322916666666667 0.028125 0.05416666666666667
0 0.18203125 0.7895833333333333 0.0265625 0.05
0 0.55625 0.7510416666666667 0.0265625 0.05416666666666667
0 0.5421875 0.12083333333333333 0.03125 0.05416666666666667
0 0.2390625 0.378125 0.028125 0.05
0 0.28125 0.5458333333333333 0.028125 0.05
0 0.49921875 0.22708333333333333 0.0265625 0.05
0 0.2609375 0.7197916666666667 0.028125 0.04583333333333333
0 0.525 0.9302083333333333 0.0296875 0.05416666666666667
0 0.6015625 0.18541666666666667 0.03125 0.058333333333333334
0 0.23203125 0.6364583333333333 0.0296875 0.05
0 0.3140625 0.8739583333333333 0.028125 0.05416666666666667
0 0.65234375 0.7260416666666667 0.03125 0.058333333333333334
0 0.33515625 0.9760416666666667 0.0265625 0.04791666666666667
0 0.41640625 0.3614583333333333 0.0265625 0.05
0 0.27578125 0.7697916666666667 0.0265625 0.05416666666666667
0 0.58125 0.565625 0.03125 0.05
0 0.2984375 0.9635416666666666 0.028125 0.05416666666666667
0 0.28125 0.690625 0.025 0.05