0 0.46796875 0.43020833333333336 0.03125 0.058333333333333334
0 0.41875 0.334375 0.03125 0.058333333333333334
0 0.25625 0.9322916666666666 0.0375 0.07083333333333333
0 0.528125 0.23229166666666667 0.03125 0.0625
0 0.3109375 0.9364583333333333 0.0375 0.07083333333333333
0 0.209375 0.23854166666666668 0.034375 0.0625
0 0.3546875 0.9395833333333333 0.034375 0.07083333333333333
0 0.2140625 0.34375 0.034375 0.058333333333333334
0 0.4171875 0.06041666666666667 0.0328125 0.06666666666666667
0 0.41484375 0.23645833333333333 0.03125 0.0625
0 0.6390625 0.3 0.0359375 0.0625
0 0.309375 0.4239583333333333 0.0328125 0.058333333333333334
0 0.36640625 0.065625 0.0328125 0.0625
0 0.3140625 0.23229166666666667 0.034375 0.0625
0 0.4140625 0.934375 0.034375 0.07083333333333333
0 0.3125 0.065625 0.0328125 0.0625
0 0.196875 0.621875 0.0375 0.0625
0 0.4671875 0.9375 0.034375 0.07083333333333333
0 0.4671875 0.05625 0.0328125 0.06666666666666667
0 0.3578125 0.715625 0.03125 0.058333333333333334
0 0.27265625 0.058333333333333334 0.034375 0.0625
0 0.6390625 0.6260416666666667 0.0375 0.0625
0 0.6046875 0.9302083333333333 0.0375 0.075
0 0.0609375 0.46145833333333336 0.034375 0.058333333333333334
0 0.309375 0.621875 0.034375 0.058333333333333334
0 0.5328125 0.934375 0.034375 0.07083333333333333
0 0.3671875 0.16145833333333334 0.03125 0.058333333333333334