0 0.478125 0.7791666666666667 0.0375 0.0375
0 0.60234375 0.8354166666666667 0.0375 0.041666666666666664
0 0.7453125 0.5572916666666666 0.040625 0.03958333333333333
0 0.3296875 0.7833333333333333 0.0375 0.035416666666666666
0 0.321875 0.9052083333333333 0.034375 0.0375
0 0.3625 0.8052083333333333 0.034375 0.035416666666666666
0 0.25859375 0.7364583333333333 0.034375 0.035416666666666666
0 0.190625 0.7083333333333334 0.034375 0.03333333333333333
0 0.203125 0.7583333333333333 0.034375 0.03333333333333333
0 0.37890625 0.7770833333333333 0.0375 0.035416666666666666
0 0.26484375 0.4354166666666667 0.0375 0.035416666666666666
0 0.41953125 0.84375 0.034375 0.0375
0 0.69296875 0.48541666666666666 0.040625 0.0375
0 0.31640625 0.43333333333333335 0.0375 0.03333333333333333
0 0.21015625 0.425 0.0375 0.03333333333333333
0 0.38671875 0.19791666666666666 0.040625 0.04375
0 0.43359375 0.39166666666666666 0.0375 0.0375
0 0.1390625 0.68125 0.028125 0.03333333333333333
0 0.42734375 0.50625 0.0375 0.035416666666666666
0 0.1453125 0.503125 0.0375 0.03333333333333333
0 0.128125 0.41458333333333336 0.00625 0.025