0 0.8125 0.603125 0.03125 0.05
0 0.821875 0.3572916666666667 0.028125 0.05
0 0.8671875 0.225 0.028125 0.05
0 0.7703125 0.43333333333333335 0.028125 0.05
0 0.59140625 0.06770833333333333 0.0265625 0.05
0 0.3359375 0.46979166666666666 0.034375 0.058333333333333334
0 0.58828125 0.78125 0.0296875 0.05416666666666667
0 0.5015625 0.06354166666666666 0.0265625 0.05416666666666667
0 0.7546875 0.06041666666666667 0.0265625 0.05
0 0.7734375 0.309375 0.028125 0.05
0 0.54375 0.07083333333333333 0.025 0.05416666666666667
0 0.509375 0.13645833333333332 0.0265625 0.05
0 0.571875 0.3572916666666667 0.028125 0.05416666666666667
0 0.778125 0.24479166666666666 0.028125 0.05
0 0.5109375 0.21770833333333334 0.028125 0.05416666666666667
0 0.5828125 0.5885416666666666 0.028125 0.05
0 0.7171875 0.040625 0.028125 0.05
0 0.528125 0.515625 0.028125 0.05
0 0.5 0.796875 0.028125 0.05416666666666667
0 0.5390625 0.609375 0.028125 0.05
0 0.53515625 0.68125 0.028125 0.05