0 0.6546875 0.2875 0.6609375 0.2916666666666667 0.665625 0.3020833333333333 0.665625 0.3125 0.6671875 0.3145833333333333 0.665625 0.31666666666666665 0.665625 0.32708333333333334 0.6546875 0.34375 0.646875 0.34791666666666665 0.6359375 0.3416666666666667 0.6328125 0.3333333333333333 0.6328125 0.3125 0.6359375 0.3 0.640625 0.2916666666666667 0.6453125 0.2875 0.653125 0.2875
0 0.209375 0.19166666666666668 0.2125 0.18958333333333333 0.2265625 0.19166666666666668 0.2375 0.2125 0.2375 0.23125 0.234375 0.23958333333333334 0.2265625 0.24791666666666667 0.2203125 0.24791666666666667 0.2109375 0.23958333333333334 0.2046875 0.23125 0.203125 0.225 0.2046875 0.20208333333333334 0.209375 0.19375
0 0.42734375 0.234375 0.0328125 0.06145833333333333
0 0.41875 0.30833333333333335 0.428125 0.3020833333333333 0.434375 0.30416666666666664 0.4421875 0.3145833333333333 0.4453125 0.33125 0.44375 0.3333333333333333 0.44375 0.3458333333333333 0.4390625 0.35625 0.4328125 0.36041666666666666 0.4234375 0.35833333333333334 0.4171875 0.34791666666666665 0.4140625 0.33541666666666664 0.4140625 0.325 0.41875 0.3104166666666667
0 0.0671875 0.40208333333333335 0.0796875 0.4125 0.084375 0.42916666666666664 0.08125 0.44583333333333336 0.071875 0.45625 0.05625 0.45208333333333334 0.0515625 0.4479166666666667 0.0484375 0.4354166666666667 0.0484375 0.425 0.053125 0.4083333333333333 0.0609375 0.40208333333333335 0.065625 0.40208333333333335
0 0.33125 0.19166666666666668 0.3390625 0.20416666666666666 0.3421875 0.21666666666666667 0.3421875 0.23541666666666666 0.33125 0.25 0.3203125 0.24791666666666667 0.3109375 0.23125 0.309375 0.22291666666666668 0.309375 0.2125 0.3125 0.2 0.31875 0.19166666666666668 0.3296875 0.19166666666666668
0 0.2890625 0.010416666666666666 0.29375 0.0125 0.3 0.020833333333333332 0.3046875 0.041666666666666664 0.3046875 0.05625 0.3015625 0.06458333333333334 0.29375 0.07083333333333333 0.2875 0.07083333333333333 0.28125 0.06458333333333334 0.2765625 0.05625 0.271875 0.03958333333333333 0.271875 0.03125 0.275 0.020833333333333332 0.28125 0.0125 0.2875 0.010416666666666666
0 0.359375 0.6791666666666667 0.3671875 0.6833333333333333 0.3734375 0.6979166666666666 0.3734375 0.7145833333333333 0.3703125 0.725 0.3609375 0.7354166666666667 0.3515625 0.7354166666666667 0.3421875 0.7229166666666667 0.340625 0.7166666666666667 0.3421875 0.6979166666666666 0.35 0.6833333333333333 0.3578125 0.68125
0 0.65 0.6166666666666667 0.65625 0.6270833333333333 0.659375 0.6479166666666667 0.6578125 0.65625 0.6515625 0.66875 0.64375 0.6729166666666667 0.6296875 0.6645833333333333 0.6234375 0.6479166666666667 0.6234375 0.6333333333333333 0.6265625 0.625 0.6375 0.6125 0.6453125 0.6125 0.6484375 0.6166666666666667
0 0.415625 0.8979166666666667 0.41875 0.9 0.4234375 0.9104166666666667 0.425 0.9354166666666667 0.4171875 0.9604166666666667 0.4125 0.9645833333333333 0.403125 0.9645833333333333 0.39375 0.95625 0.390625 0.9291666666666667 0.396875 0.9083333333333333 0.4078125 0.8958333333333334 0.4140625 0.8979166666666667
0 0.465625 0.9041666666666667 0.4703125 0.9083333333333333 0.4765625 0.9208333333333333 0.4765625 0.9458333333333333 0.471875 0.9645833333333333 0.4640625 0.9708333333333333 0.453125 0.96875 0.45 0.9645833333333333 0.4453125 0.9479166666666666 0.4453125 0.925 0.45625 0.9041666666666667 0.4640625 0.9041666666666667
0 0.2015625 0.5729166666666666 0.2109375 0.5770833333333333 0.215625 0.5833333333333334 0.2171875 0.5895833333333333 0.2171875 0.6083333333333333 0.2109375 0.6229166666666667 0.20625 0.6270833333333333 0.1890625 0.6270833333333333 0.1828125 0.61875 0.1796875 0.6083333333333333 0.18125 0.5895833333333333 0.184375 0.58125 0.1921875 0.5729166666666666 0.2 0.5729166666666666
0 0.3125 0.6104166666666667 0.0359375 0.057291666666666664
0 0.4765625 0.029166666666666667 0.4828125 0.027083333333333334 0.490625 0.029166666666666667 0.4953125 0.035416666666666666 0.4984375 0.05 0.4984375 0.07291666666666667 0.4953125 0.08125 0.4875 0.08958333333333333 0.4765625 0.0875 0.471875 0.08125 0.46875 0.0625 0.46875 0.04791666666666667 0.4734375 0.03333333333333333 0.4765625 0.03125
0 0.3390625 0.9041666666666667 0.3484375 0.8958333333333334 0.353125 0.8958333333333334 0.35625 0.9 0.359375 0.9 0.365625 0.91875 0.365625 0.93125 0.359375 0.9520833333333333 0.35 0.9645833333333333 0.340625 0.9645833333333333 0.3359375 0.9604166666666667 0.3296875 0.9479166666666666 0.3296875 0.925 0.3328125 0.9145833333333333 0.3390625 0.90625
0 0.2375 0.30833333333333335 0.240625 0.31666666666666665 0.240625 0.33541666666666664 0.2375 0.34375 0.228125 0.35208333333333336 0.2234375 0.35208333333333336 0.209375 0.33958333333333335 0.20625 0.32708333333333334 0.20625 0.3125 0.209375 0.30416666666666664 0.2171875 0.29583333333333334 0.228125 0.29583333333333334 0.2359375 0.30833333333333335
0 0.5453125 0.21041666666666667 0.553125 0.21875 0.5546875 0.225 0.5546875 0.2520833333333333 0.5515625 0.2604166666666667 0.54375 0.26875 0.534375 0.26875 0.5296875 0.26458333333333334 0.525 0.24791666666666667 0.525 0.22916666666666666 0.528125 0.21875 0.53125 0.2125 0.5375 0.20833333333333334 0.54375 0.21041666666666667
0 0.375 0.025 0.3796875 0.020833333333333332 0.390625 0.020833333333333332 0.396875 0.029166666666666667 0.4 0.041666666666666664 0.4 0.0625 0.396875 0.07291666666666667 0.390625 0.08125 0.3828125 0.08125 0.375 0.07083333333333333 0.3703125 0.05625 0.3703125 0.035416666666666666 0.375 0.027083333333333334
0 0.5984375 0.90625 0.603125 0.9083333333333333 0.609375 0.9166666666666666 0.615625 0.9333333333333333 0.615625 0.9583333333333334 0.6125 0.96875 0.6046875 0.9770833333333333 0.59375 0.9770833333333333 0.5875 0.96875 0.58125 0.9458333333333333 0.58125 0.925 0.5859375 0.9125 0.596875 0.90625
0 0.3203125 0.025 0.325 0.022916666666666665 0.334375 0.025 0.3421875 0.041666666666666664 0.34375 0.052083333333333336 0.34375 0.06875 0.3390625 0.08125 0.3328125 0.08541666666666667 0.3234375 0.08125 0.3171875 0.07083333333333333 0.3125 0.052083333333333336 0.3140625 0.0375 0.3171875 0.029166666666666667 0.3203125 0.027083333333333334
0 0.4796875 0.4041666666666667 0.484375 0.4083333333333333 0.490625 0.425 0.4890625 0.44583333333333336 0.48125 0.45625 0.4703125 0.45625 0.465625 0.45208333333333334 0.4625 0.44583333333333336 0.459375 0.4270833333333333 0.465625 0.4083333333333333 0.4703125 0.4041666666666667 0.478125 0.4041666666666667
0 0.52734375 0.9427083333333334 0.034375 0.07083333333333333
0 0.440625 0.029166666666666667 0.4484375 0.04583333333333333 0.4484375 0.07291666666666667 0.4453125 0.08125 0.4359375 0.08958333333333333 0.4328125 0.08958333333333333 0.425 0.08125 0.41875 0.05416666666666667 0.4203125 0.052083333333333336 0.4203125 0.041666666666666664 0.4265625 0.029166666666666667 0.4296875 0.027083333333333334 0.4375 0.027083333333333334 0.4390625 0.029166666666666667
0 0.259375 0.8833333333333333 0.26875 0.9 0.26875 0.9166666666666666 0.2609375 0.9395833333333333 0.253125 0.9479166666666666 0.240625 0.9479166666666666 0.2359375 0.94375 0.23125 0.93125 0.23125 0.9166666666666666 0.234375 0.9020833333333333 0.24375 0.8875 0.25 0.8833333333333333 0.2578125 0.8833333333333333
0 0.3203125 0.38333333333333336 0.33125 0.39791666666666664 0.334375 0.41458333333333336 0.33125 0.42916666666666664 0.325 0.4395833333333333 0.315625 0.4395833333333333 0.3125 0.4354166666666667 0.309375 0.4354166666666667 0.3 0.41875 0.3 0.40625 0.303125 0.39375 0.309375 0.3854166666666667 0.31875 0.38333333333333336
0 0.2953125 0.9 0.30625 0.8916666666666667 0.3140625 0.8916666666666667 0.3234375 0.9083333333333333 0.321875 0.9333333333333333 0.3171875 0.9479166666666666 0.3109375 0.95625 0.303125 0.9604166666666667 0.2921875 0.9520833333333333 0.2890625 0.9458333333333333 0.2875 0.9354166666666667 0.2875 0.91875 0.290625 0.9083333333333333 0.2953125 0.9020833333333333