0 0.4734375 0.8927083333333333 0.02890625 0.058333333333333334
0 0.51640625 0.8916666666666667 0.028125 0.05520833333333333
0 0.5671875 0.8927083333333333 0.02890625 0.05520833333333333
0 0.33125 0.9010416666666666 0.03046875 0.057291666666666664
0 0.6109375 0.8927083333333333 0.02890625 0.05520833333333333
0 0.7015625 0.8864583333333333 0.03203125 0.057291666666666664
0 0.33125 0.7364583333333333 0.03046875 0.057291666666666664
0 0.425 0.6364583333333333 0.02578125 0.04895833333333333
0 0.7171875 0.38645833333333335 0.03203125 0.05416666666666667
0 0.66875 0.29270833333333335 0.03125 0.05520833333333333
0 0.425 0.7260416666666667 0.02578125 0.05
0 0.6171875 0.471875 0.02890625 0.051041666666666666
0 0.709375 0.6416666666666667 0.03203125 0.05520833333333333
0 0.3203125 0.6354166666666666 0.0296875 0.05416666666666667
0 0.5171875 0.7270833333333333 0.02734375 0.05416666666666667
0 0.6171875 0.6395833333333333 0.0296875 0.051041666666666666
0 0.721875 0.11770833333333333 0.03359375 0.058333333333333334
0 0.475 0.46979166666666666 0.02578125 0.04895833333333333
0 0.625 0.11354166666666667 0.03125 0.057291666666666664
0 0.51953125 0.5552083333333333 0.0265625 0.053125
0 0.3234375 0.375 0.02890625 0.05
0 0.4296875 0.11354166666666667 0.02890625 0.057291666666666664
0 0.425 0.3802083333333333 0.02578125 0.046875
0 0.4796875 0.10520833333333333 0.02734375 0.05520833333333333
0 0.5203125 0.3802083333333333 0.02734375 0.053125
0 0.4265625 0.28229166666666666 0.02734375 0.05
0 0.525 0.11145833333333334 0.0296875 0.057291666666666664
0 0.3234375 0.09479166666666666 0.03203125 0.059375
0 0.5734375 0.11354166666666667 0.02890625 0.057291666666666664