0 0.3234375 0.6239583333333333 0.03125 0.05416666666666667
0 0.5734375 0.8864583333333333 0.03125 0.058333333333333334
0 0.715625 0.6145833333333334 0.0328125 0.05416666666666667
0 0.4734375 0.10520833333333333 0.0296875 0.058333333333333334
0 0.5171875 0.109375 0.028125 0.05416666666666667
0 0.428125 0.8927083333333333 0.03125 0.0625
0 0.61015625 0.10520833333333333 0.0296875 0.05416666666666667
0 0.515625 0.18854166666666666 0.028125 0.05416666666666667
0 0.625 0.8854166666666666 0.03125 0.058333333333333334
0 0.32109375 0.36354166666666665 0.0296875 0.05416666666666667
0 0.425 0.36354166666666665 0.0265625 0.05
0 0.709375 0.3572916666666667 0.03125 0.05416666666666667
0 0.32265625 0.275 0.03125 0.05625
0 0.5171875 0.26979166666666665 0.028125 0.05416666666666667
0 0.47109375 0.19270833333333334 0.028125 0.05416666666666667
0 0.525 0.7989583333333333 0.028125 0.05416666666666667
0 0.37890625 0.5302083333333333 0.0265625 0.04583333333333333
0 0.65703125 0.10520833333333333 0.0296875 0.05416666666666667
0 0.6578125 0.184375 0.0296875 0.05416666666666667
0 0.47421875 0.7822916666666667 0.028125 0.05416666666666667
0 0.4234375 0.5364583333333334 0.028125 0.05416666666666667
0 0.6640625 0.528125 0.03125 0.05416666666666667
0 0.5203125 0.4427083333333333 0.028125 0.05