0 0.19453125 0.6145833333333334 0.040625 0.03333333333333333
0 0.740625 0.625 0.040625 0.03958333333333333
0 0.44765625 0.975 0.0375 0.041666666666666664
0 0.52265625 0.5479166666666667 0.0375 0.0375
0 0.7390625 0.42083333333333334 0.04375 0.041666666666666664
0 0.19609375 0.6791666666666667 0.040625 0.0375
0 0.5390625 0.6833333333333333 0.0375 0.0375
0 0.35546875 0.9260416666666667 0.040625 0.03958333333333333
0 0.73671875 0.49375 0.040625 0.0375
0 0.18359375 0.5083333333333333 0.040625 0.0375
0 0.74140625 0.675 0.04375 0.03958333333333333
0 0.29765625 0.5645833333333333 0.0375 0.0375
0 0.184375 0.5583333333333333 0.040625 0.03333333333333333
0 0.31015625 0.7916666666666666 0.0375 0.03958333333333333
0 0.47109375 0.30833333333333335 0.040625 0.041666666666666664
0 0.40390625 0.9125 0.0375 0.041666666666666664
0 0.7359375 0.5552083333333333 0.040625 0.0375
0 0.18828125 0.859375 0.0375 0.0375
0 0.73828125 0.7583333333333333 0.04375 0.041666666666666664
0 0.13515625 0.8364583333333333 0.0203125 0.035416666666666666
0 0.20703125 0.909375 0.0375 0.0375