0 0.7890625 0.76875 0.04375 0.041666666666666664
0 0.80078125 0.27291666666666664 0.04375 0.041666666666666664
0 0.79296875 0.521875 0.040625 0.0375
0 0.79609375 0.46458333333333335 0.040625 0.0375
0 0.79453125 0.5895833333333333 0.040625 0.0375
0 0.79453125 0.646875 0.040625 0.03958333333333333
0 0.60859375 0.525 0.0375 0.035416666666666666
0 0.41484375 0.7895833333333333 0.040625 0.04583333333333333
0 0.5453125 0.5270833333333333 0.0375 0.0375
0 0.34453125 0.725 0.040625 0.041666666666666664
0 0.67890625 0.275 0.04375 0.041666666666666664
0 0.60234375 0.4 0.0375 0.03333333333333333
0 0.6046875 0.65625 0.0375 0.03958333333333333
0 0.478125 0.65625 0.0375 0.0375
0 0.60703125 0.7791666666666667 0.040625 0.041666666666666664
0 0.21328125 0.79375 0.04375 0.04583333333333333
0 0.6015625 0.2604166666666667 0.040625 0.0375
0 0.671875 0.5229166666666667 0.040625 0.0375
0 0.3421875 0.53125 0.0375 0.0375
0 0.47734375 0.4666666666666667 0.0375 0.03333333333333333
0 0.21015625 0.6666666666666666 0.04375 0.041666666666666664
0 0.21015625 0.40729166666666666 0.04375 0.03958333333333333
0 0.40546875 0.26458333333333334 0.0375 0.0375
0 0.33828125 0.4010416666666667 0.0375 0.035416666666666666
0 0.20390625 0.4739583333333333 0.04375 0.03958333333333333
0 0.41015625 0.5270833333333333 0.0375 0.0375
0 0.21015625 0.5979166666666667 0.04375 0.03958333333333333
0 0.20859375 0.5333333333333333 0.04375 0.03958333333333333
0 0.19609375 0.26458333333333334 0.04375 0.04375
0 0.67734375 0.39791666666666664 0.0375 0.035416666666666666
0 0.40859375 0.4 0.0375 0.03333333333333333