0 0.6734375 0.4822916666666667 0.028125 0.04479166666666667
0 0.4890625 0.20520833333333333 0.02421875 0.04583333333333333
0 0.61875 0.484375 0.02734375 0.04479166666666667
0 0.44140625 0.21145833333333333 0.025 0.04895833333333333
0 0.49609375 0.303125 0.0234375 0.042708333333333334
0 0.55625 0.38958333333333334 0.02421875 0.042708333333333334
0 0.6890625 0.30833333333333335 0.0265625 0.04479166666666667
0 0.571875 0.14270833333333333 0.025 0.046875
0 0.5375 0.6427083333333333 0.025 0.04479166666666667
0 0.478125 0.5583333333333333 0.02421875 0.041666666666666664
0 0.721875 0.36354166666666665 0.028125 0.04583333333333333
0 0.35625 0.47708333333333336 0.02578125 0.042708333333333334
0 0.36875 0.6854166666666667 0.02578125 0.04583333333333333
0 0.6015625 0.184375 0.02578125 0.04479166666666667
0 0.7546875 0.409375 0.02890625 0.04479166666666667
0 0.41640625 0.46979166666666666 0.0234375 0.04479166666666667
0 0.5359375 0.09479166666666666 0.025 0.05
0 0.3375 0.634375 0.0265625 0.04479166666666667
0 0.4984375 0.8697916666666666 0.02578125 0.05
0 0.6328125 0.23229166666666667 0.02734375 0.04479166666666667
0 0.403125 0.734375 0.02578125 0.04583333333333333
0 0.659375 0.26979166666666665 0.0265625 0.04583333333333333
0 0.68125 0.5677083333333334 0.02734375 0.042708333333333334
0 0.509375 0.052083333333333336 0.02421875 0.04895833333333333
0 0.54375 0.7583333333333333 0.02578125 0.046875
0 0.46953125 0.821875 0.025 0.04895833333333333
0 0.303125 0.5833333333333334 0.02578125 0.04479166666666667
0 0.35 0.38229166666666664 0.02578125 0.04479166666666667
0 0.434375 0.7760416666666666 0.02578125 0.046875
0 0.2734375 0.540625 0.0265625 0.04479166666666667
0 0.59921875 0.746875 0.0265625 0.04583333333333333
0 0.5328125 0.915625 0.02578125 0.04895833333333333