0 0.43203125 0.10833333333333334 0.0296875 0.05416666666666667
0 0.4828125 0.10833333333333334 0.028125 0.05416666666666667
0 0.3890625 0.10729166666666666 0.0296875 0.05416666666666667
0 0.5265625 0.10520833333333333 0.028125 0.05416666666666667
0 0.66875 0.096875 0.03125 0.05625
0 0.296875 0.11458333333333333 0.03125 0.058333333333333334
0 0.575 0.3625 0.0265625 0.05
0 0.290625 0.3572916666666667 0.03125 0.05416666666666667
0 0.58125 0.103125 0.028125 0.058333333333333334
0 0.38203125 0.36041666666666666 0.0296875 0.05
0 0.628125 0.10520833333333333 0.028125 0.05416666666666667
0 0.4796875 0.4395833333333333 0.028125 0.05
0 0.6734375 0.3614583333333333 0.03125 0.05416666666666667
0 0.2828125 0.6145833333333334 0.034375 0.05416666666666667
0 0.3875 0.27291666666666664 0.03125 0.05416666666666667
0 0.4828125 0.27291666666666664 0.028125 0.05416666666666667
0 0.2796875 0.8822916666666667 0.034375 0.058333333333333334
0 0.4765625 0.7083333333333334 0.028125 0.05416666666666667
0 0.6265625 0.27708333333333335 0.028125 0.05416666666666667
0 0.375 0.8864583333333333 0.03125 0.058333333333333334
0 0.3796875 0.7072916666666667 0.028125 0.05416666666666667
0 0.33125 0.7072916666666667 0.03125 0.05416666666666667
0 0.38046875 0.6166666666666667 0.0296875 0.05416666666666667
0 0.62421875 0.8958333333333334 0.03125 0.0625
0 0.51953125 0.8927083333333333 0.0296875 0.05416666666666667
0 0.6765625 0.6239583333333333 0.03125 0.05
0 0.475 0.8895833333333333 0.03125 0.058333333333333334
0 0.56953125 0.884375 0.0296875 0.058333333333333334
0 0.4796875 0.6197916666666666 0.028125 0.05416666666666667
0 0.575 0.6197916666666666 0.025 0.05
0 0.6765625 0.9052083333333333 0.03125 0.0625
0 0.4265625 0.8864583333333333 0.028125 0.058333333333333334