0 0.365625 0.6 0.03125 0.05416666666666667
0 0.465625 0.871875 0.03125 0.058333333333333334
0 0.3671875 0.2604166666666667 0.03125 0.05416666666666667
0 0.559375 0.171875 0.028125 0.058333333333333334
0 0.365625 0.3458333333333333 0.028125 0.05416666666666667
0 0.5171875 0.08645833333333333 0.03125 0.058333333333333334
0 0.4203125 0.5125 0.0265625 0.04583333333333333
0 0.765625 0.609375 0.034375 0.058333333333333334
0 0.46640625 0.34791666666666665 0.0265625 0.05
0 0.56328125 0.09270833333333334 0.0296875 0.058333333333333334
0 0.665625 0.8822916666666667 0.0328125 0.058333333333333334
0 0.509375 0.7020833333333333 0.028125 0.05416666666666667
0 0.7609375 0.34270833333333334 0.0328125 0.05416666666666667
0 0.61171875 0.878125 0.03125 0.058333333333333334
0 0.5140625 0.16979166666666667 0.028125 0.05416666666666667
0 0.559375 0.25416666666666665 0.028125 0.05416666666666667
0 0.659375 0.08333333333333333 0.03125 0.058333333333333334
0 0.7078125 0.08229166666666667 0.03125 0.058333333333333334
0 0.5125 0.7645833333333333 0.028125 0.05416666666666667
0 0.46328125 0.5197916666666667 0.0265625 0.04583333333333333
0 0.56015625 0.42916666666666664 0.0296875 0.05416666666666667
0 0.7078125 0.16458333333333333 0.03125 0.058333333333333334
0 0.6109375 0.34479166666666666 0.028125 0.05416666666666667