0 0.365625 0.19166666666666668 0.0265625 0.05
0 0.4171875 0.18958333333333333 0.025 0.05
0 0.5375 0.18541666666666667 0.025 0.04583333333333333
0 0.5484375 0.4739583333333333 0.025 0.041666666666666664
0 0.4234375 0.2864583333333333 0.025 0.04583333333333333
0 0.48828125 0.37916666666666665 0.0234375 0.04583333333333333
0 0.6109375 0.5552083333333333 0.025 0.04583333333333333
0 0.275 0.46458333333333335 0.03125 0.05
0 0.5953125 0.26979166666666665 0.025 0.04583333333333333
0 0.65625 0.36770833333333336 0.025 0.04583333333333333
0 0.34453125 0.4552083333333333 0.0296875 0.04583333333333333
0 0.60625 0.46979166666666666 0.025 0.04583333333333333
0 0.4046875 0.5489583333333333 0.025 0.04583333333333333
0 0.56328125 0.22395833333333334 0.025 0.041666666666666664
0 0.44375 0.04583333333333333 0.025 0.04583333333333333
0 0.475 0.09270833333333334 0.025 0.04583333333333333
0 0.3109375 0.7229166666666667 0.0296875 0.05
0 0.18125 0.515625 0.03125 0.05
0 0.2140625 0.5677083333333334 0.03125 0.05
0 0.2484375 0.6114583333333333 0.03125 0.05
0 0.28046875 0.6729166666666667 0.0296875 0.05
0 0.4734375 0.7604166666666666 0.025 0.05
0 0.53046875 0.7541666666666667 0.025 0.04583333333333333
0 0.46796875 0.646875 0.025 0.04583333333333333
0 0.27421875 0.3614583333333333 0.0296875 0.04583333333333333
0 0.6875 0.409375 0.025 0.04375
0 0.38125 0.8260416666666667 0.028125 0.05
0 0.62421875 0.31145833333333334 0.0234375 0.041666666666666664
0 0.34609375 0.778125 0.0296875 0.05
0 0.5109375 0.13854166666666667 0.0234375 0.04583333333333333
0 0.41796875 0.8802083333333334 0.0265625 0.05416666666666667
0 0.44921875 0.9302083333333333 0.0265625 0.05416666666666667