0 0.7671875 0.55625 0.7765625 0.5625 0.78125 0.5708333333333333 0.7796875 0.5854166666666667 0.7671875 0.5958333333333333 0.753125 0.5958333333333333 0.7453125 0.5916666666666667 0.740625 0.5875 0.7359375 0.5729166666666666 0.7375 0.5666666666666667 0.74375 0.5583333333333333 0.765625 0.55625
0 0.7765625 0.1 0.7859375 0.10833333333333334 0.7890625 0.11666666666666667 0.7890625 0.125 0.7859375 0.12916666666666668 0.7859375 0.13333333333333333 0.778125 0.14375 0.76875 0.15 0.75625 0.15 0.746875 0.14375 0.74375 0.1375 0.74375 0.12291666666666666 0.75 0.10833333333333334 0.7640625 0.1 0.775 0.1
0 0.3421875 0.14583333333333334 0.3546875 0.1625 0.3546875 0.17708333333333334 0.35 0.18541666666666667 0.3421875 0.18958333333333333 0.33125 0.18958333333333333 0.325 0.18541666666666667 0.315625 0.175 0.3125 0.16666666666666666 0.3125 0.16041666666666668 0.31875 0.15 0.33125 0.14375 0.340625 0.14583333333333334
0 0.6296875 0.5520833333333334 0.6359375 0.55625 0.640625 0.5666666666666667 0.640625 0.5729166666666666 0.6359375 0.5833333333333334 0.6265625 0.5895833333333333 0.615625 0.5895833333333333 0.6078125 0.5854166666666667 0.603125 0.5791666666666667 0.6 0.56875 0.603125 0.5604166666666667 0.6109375 0.5520833333333334 0.615625 0.55 0.628125 0.5520833333333334
0 0.4421875 0.75625 0.45 0.7645833333333333 0.4515625 0.7791666666666667 0.4453125 0.7916666666666666 0.434375 0.7979166666666667 0.4234375 0.7958333333333333 0.415625 0.7895833333333333 0.4125 0.7854166666666667 0.4125 0.7708333333333334 0.425 0.75625 0.43125 0.7541666666666667 0.4390625 0.7541666666666667 0.440625 0.75625
0 0.55 0.11666666666666667 0.5609375 0.125 0.5640625 0.13333333333333333 0.5640625 0.14583333333333334 0.55625 0.16041666666666668 0.5484375 0.16458333333333333 0.5328125 0.1625 0.528125 0.15833333333333333 0.5234375 0.14583333333333334 0.5234375 0.13333333333333333 0.528125 0.12291666666666666 0.5375 0.11666666666666667 0.5484375 0.11666666666666667
0 0.2328125 0.5739583333333333 0.04375 0.03958333333333333
0 0.2171875 0.15416666666666667 0.2296875 0.17083333333333334 0.2296875 0.18125 0.2265625 0.1875 0.2171875 0.19375 0.20625 0.19375 0.1875 0.17916666666666667 0.1875 0.1625 0.190625 0.15625 0.2015625 0.15 0.215625 0.15416666666666667
0 0.2515625 0.75 0.2578125 0.7583333333333333 0.259375 0.7645833333333333 0.2578125 0.7729166666666667 0.2484375 0.7854166666666667 0.240625 0.7895833333333333 0.23125 0.7895833333333333 0.21875 0.78125 0.2171875 0.7666666666666667 0.221875 0.75625 0.23125 0.75 0.2375 0.7479166666666667 0.2484375 0.7479166666666667 0.25 0.75
0 0.63125 0.11875 0.6359375 0.125 0.6390625 0.1375 0.6328125 0.15625 0.6265625 0.1625 0.6203125 0.16458333333333333 0.609375 0.16458333333333333 0.603125 0.16041666666666668 0.596875 0.15 0.596875 0.13333333333333333 0.6 0.125 0.609375 0.11666666666666667 0.6234375 0.11458333333333333 0.6296875 0.11875
0 0.38125 0.7520833333333333 0.3890625 0.7625 0.3890625 0.7708333333333334 0.3796875 0.7875 0.371875 0.7916666666666666 0.35625 0.7895833333333333 0.35 0.78125 0.3484375 0.7708333333333334 0.35 0.7645833333333333 0.3640625 0.75 0.378125 0.75 0.3796875 0.7520833333333333
0 0.696875 0.6145833333333334 0.7109375 0.6208333333333333 0.7203125 0.6354166666666666 0.7203125 0.6416666666666667 0.7171875 0.6479166666666667 0.70625 0.65625 0.6875 0.6541666666666667 0.678125 0.6416666666666667 0.678125 0.6270833333333333 0.684375 0.61875 0.6953125 0.6145833333333334
0 0.7140625 0.2604166666666667 0.7171875 0.26666666666666666 0.7171875 0.2791666666666667 0.709375 0.2916666666666667 0.7015625 0.29791666666666666 0.6859375 0.29791666666666666 0.678125 0.2916666666666667 0.675 0.28541666666666665 0.675 0.2708333333333333 0.6828125 0.25833333333333336 0.6890625 0.25416666666666665 0.70625 0.25416666666666665 0.7109375 0.25625 0.7125 0.2604166666666667
0 0.4921875 0.5520833333333334 0.5 0.55625 0.50625 0.5666666666666667 0.50625 0.575 0.5015625 0.5854166666666667 0.49375 0.5895833333333333 0.478125 0.5895833333333333 0.471875 0.5854166666666667 0.4671875 0.5729166666666666 0.46875 0.5625 0.471875 0.5583333333333333 0.4828125 0.5520833333333334 0.490625 0.5520833333333334
0 0.31875 0.75625 0.3234375 0.7625 0.3234375 0.775 0.3203125 0.78125 0.30625 0.7916666666666666 0.29375 0.7916666666666666 0.2875 0.7875 0.28125 0.775 0.28125 0.76875 0.284375 0.7625 0.3015625 0.75 0.309375 0.75 0.3171875 0.75625
0 0.56875 0.75625 0.5765625 0.7666666666666667 0.578125 0.78125 0.5765625 0.7875 0.5671875 0.7958333333333333 0.5515625 0.7958333333333333 0.54375 0.7895833333333333 0.540625 0.78125 0.540625 0.7666666666666667 0.5453125 0.7583333333333333 0.5515625 0.7541666666666667 0.565625 0.7541666666666667 0.5671875 0.75625
0 0.3671875 0.5520833333333334 0.3734375 0.5583333333333333 0.375 0.5645833333333333 0.3734375 0.5770833333333333 0.3671875 0.5833333333333334 0.3578125 0.5875 0.3484375 0.5875 0.340625 0.5833333333333334 0.334375 0.575 0.334375 0.5625 0.3375 0.55625 0.346875 0.55 0.3640625 0.55 0.365625 0.5520833333333334
0 0.4140625 0.13333333333333333 0.4265625 0.15 0.4265625 0.16458333333333333 0.41875 0.175 0.409375 0.17916666666666667 0.403125 0.17916666666666667 0.390625 0.16875 0.3859375 0.15833333333333333 0.3859375 0.14583333333333334 0.3953125 0.13333333333333333 0.4 0.13125 0.4109375 0.13125 0.4125 0.13333333333333333
0 0.49375 0.3458333333333333 0.4984375 0.35 0.503125 0.3645833333333333 0.5015625 0.3729166666666667 0.4890625 0.38333333333333336 0.478125 0.38333333333333336 0.46875 0.3770833333333333 0.4625 0.3625 0.465625 0.35208333333333336 0.475 0.34375 0.4859375 0.3416666666666667 0.4921875 0.3458333333333333
0 0.709375 0.11041666666666666 0.7171875 0.12083333333333333 0.7171875 0.13333333333333333 0.7140625 0.14166666666666666 0.70625 0.15208333333333332 0.6984375 0.15625 0.68125 0.15416666666666667 0.675 0.14583333333333334 0.675 0.125 0.6828125 0.1125 0.6890625 0.10833333333333334 0.70625 0.10833333333333334 0.7078125 0.11041666666666666
0 0.4953125 0.75625 0.5046875 0.7666666666666667 0.50625 0.775 0.5046875 0.7875 0.496875 0.7958333333333333 0.484375 0.8 0.475 0.7958333333333333 0.46875 0.7875 0.46875 0.76875 0.475 0.7604166666666666 0.484375 0.7541666666666667 0.49375 0.75625
0 0.7890625 0.7625 0.8 0.775 0.8015625 0.7875 0.79375 0.7979166666666667 0.7828125 0.8020833333333334 0.76875 0.7979166666666667 0.7625 0.7916666666666666 0.75625 0.7791666666666667 0.75625 0.7708333333333334 0.7625 0.7604166666666666 0.76875 0.75625 0.7796875 0.75625 0.7875 0.7625
0 0.3 0.6104166666666667 0.3109375 0.61875 0.3140625 0.625 0.3140625 0.6333333333333333 0.3078125 0.64375 0.296875 0.65 0.284375 0.65 0.278125 0.6458333333333334 0.275 0.6416666666666667 0.271875 0.6291666666666667 0.278125 0.6166666666666667 0.2859375 0.6125 0.2984375 0.6104166666666667
0 0.6328125 0.3375 0.6390625 0.3458333333333333 0.6390625 0.3625 0.6328125 0.37083333333333335 0.6234375 0.3770833333333333 0.615625 0.3770833333333333 0.60625 0.3729166666666667 0.6 0.3625 0.6 0.34791666666666665 0.6046875 0.33958333333333335 0.6109375 0.33541666666666664 0.625 0.3333333333333333 0.63125 0.3375
0 0.6296875 0.7520833333333333 0.6390625 0.75625 0.6484375 0.775 0.6453125 0.7875 0.6375 0.7958333333333333 0.61875 0.7958333333333333 0.609375 0.7854166666666667 0.6078125 0.7770833333333333 0.609375 0.7625 0.615625 0.7541666666666667 0.628125 0.7520833333333333
0 0.35625 0.34791666666666665 0.3640625 0.35 0.3765625 0.36041666666666666 0.3796875 0.36875 0.3765625 0.38125 0.3703125 0.3875 0.3578125 0.38958333333333334 0.340625 0.37916666666666665 0.3375 0.37083333333333335 0.3390625 0.36041666666666666 0.3453125 0.35208333333333336 0.3546875 0.35
0 0.7859375 0.32083333333333336 0.7921875 0.33125 0.7890625 0.34791666666666665 0.7796875 0.35625 0.76875 0.36041666666666666 0.759375 0.36041666666666666 0.7515625 0.35625 0.746875 0.35 0.746875 0.3333333333333333 0.75625 0.32083333333333336 0.7640625 0.31666666666666665 0.778125 0.31666666666666665 0.784375 0.32083333333333336
0 0.2265625 0.34375 0.2390625 0.35 0.2453125 0.35833333333333334 0.246875 0.3645833333333333 0.2453125 0.3729166666666667 0.240625 0.37916666666666665 0.2328125 0.38333333333333336 0.2125 0.37916666666666665 0.2046875 0.36875 0.2046875 0.35833333333333334 0.209375 0.34791666666666665 0.2171875 0.34375 0.225 0.34375
0 0.2890625 0.275 0.2984375 0.28125 0.3046875 0.28958333333333336 0.30625 0.29583333333333334 0.3046875 0.30625 0.3 0.3125 0.2921875 0.31666666666666665 0.275 0.3125 0.265625 0.30416666666666664 0.2625 0.29791666666666666 0.2625 0.28958333333333336 0.265625 0.28125 0.2734375 0.275 0.28125 0.27291666666666664 0.2875 0.275
0 0.690625 0.75625 0.7 0.7520833333333333 0.7078125 0.7520833333333333 0.7203125 0.7604166666666666 0.7265625 0.7708333333333334 0.7265625 0.7854166666666667 0.7203125 0.79375 0.7 0.7958333333333333 0.690625 0.7895833333333333 0.684375 0.775 0.6859375 0.7645833333333333 0.690625 0.7583333333333333
0 0.2796875 0.14791666666666667 0.2890625 0.15625 0.29375 0.16458333333333333 0.2921875 0.18125 0.2828125 0.18958333333333333 0.2703125 0.18958333333333333 0.25625 0.17916666666666667 0.2515625 0.16875 0.253125 0.15416666666666667 0.259375 0.14791666666666667 0.2625 0.14583333333333334 0.2765625 0.14583333333333334 0.278125 0.14791666666666667
0 0.4734375 0.125 0.4796875 0.12708333333333333 0.4890625 0.14375 0.4890625 0.15833333333333333 0.4859375 0.16458333333333333 0.4828125 0.16875 0.4734375 0.17291666666666666 0.465625 0.17291666666666666 0.45625 0.16666666666666666 0.4484375 0.15 0.4484375 0.14375 0.453125 0.13125 0.4640625 0.125 0.471875 0.125