0 0.5 0.15833333333333333 0.025 0.05
0 0.290625 0.057291666666666664 0.02578125 0.05
0 0.40625 0.22708333333333333 0.02578125 0.04895833333333333
0 0.1421875 0.24166666666666667 0.02890625 0.05
0 0.5078125 0.084375 0.02578125 0.05
0 0.4671875 0.728125 0.02890625 0.051041666666666666
0 0.5015625 0.22916666666666666 0.02578125 0.05
0 0.2390625 0.453125 0.02890625 0.05
0 0.4125 0.8041666666666667 0.03046875 0.05520833333333333
0 0.1984375 0.6239583333333333 0.0296875 0.051041666666666666
0 0.21875 0.29270833333333335 0.02578125 0.046875
0 0.2703125 0.15104166666666666 0.02734375 0.05
0 0.2546875 0.07604166666666666 0.02578125 0.04895833333333333
0 0.5328125 0.38645833333333335 0.02734375 0.051041666666666666
0 0.1890625 0.37395833333333334 0.028125 0.04895833333333333
0 0.2359375 0.24791666666666667 0.02734375 0.051041666666666666
0 0.2390625 0.315625 0.02734375 0.04895833333333333
0 0.45 0.0125 0.025 0.025
0 0.6796875 0.40520833333333334 0.03125 0.053125
0 0.3140625 0.004166666666666667 0.01953125 0.008333333333333333