0 0.5140625 0.8697916666666666 0.028125 0.05416666666666667
0 0.5171875 0.7947916666666667 0.028125 0.05416666666666667
0 0.47890625 0.953125 0.028125 0.05416666666666667
0 0.43203125 0.18333333333333332 0.0296875 0.058333333333333334
0 0.2953125 0.9729166666666667 0.028125 0.05416666666666667
0 0.46875 0.17916666666666667 0.03125 0.0625
0 0.61015625 0.784375 0.0296875 0.05416666666666667
0 0.14453125 0.771875 0.0296875 0.05
0 0.2234375 0.7177083333333333 0.028125 0.05
0 0.2390625 0.7697916666666667 0.028125 0.05416666666666667
0 0.275 0.8708333333333333 0.028125 0.05416666666666667
0 0.25703125 0.9510416666666667 0.0265625 0.05416666666666667
0 0.53515625 0.3572916666666667 0.0296875 0.05416666666666667
0 0.54921875 0.621875 0.0296875 0.05416666666666667
0 0.246875 0.553125 0.0296875 0.05
0 0.2453125 0.6947916666666667 0.028125 0.05
0 0.20625 0.37395833333333334 0.03125 0.05416666666666667
0 0.19453125 0.6333333333333333 0.0296875 0.05