0 0.4734375 0.8947916666666667 0.02890625 0.059375
0 0.6109375 0.8927083333333333 0.0296875 0.05520833333333333
0 0.31953125 0.6364583333333333 0.0296875 0.05416666666666667
0 0.5171875 0.890625 0.02890625 0.05520833333333333
0 0.3234375 0.8135416666666667 0.03046875 0.057291666666666664
0 0.70859375 0.6427083333333333 0.03125 0.053125
0 0.65625 0.8927083333333333 0.03046875 0.05520833333333333
0 0.51484375 0.8104166666666667 0.028125 0.05416666666666667
0 0.42421875 0.6364583333333333 0.0265625 0.051041666666666666
0 0.5171875 0.7302083333333333 0.028125 0.05520833333333333
0 0.32265625 0.7260416666666667 0.03125 0.057291666666666664
0 0.7171875 0.3854166666666667 0.0328125 0.057291666666666664
0 0.5234375 0.46979166666666666 0.02890625 0.05
0 0.575 0.209375 0.03046875 0.057291666666666664
0 0.625 0.11354166666666667 0.03125 0.057291666666666664
0 0.65703125 0.815625 0.0296875 0.05520833333333333
0 0.42890625 0.10520833333333333 0.0296875 0.058333333333333334
0 0.4796875 0.10520833333333333 0.02890625 0.058333333333333334
0 0.3234375 0.37395833333333334 0.0296875 0.051041666666666666
0 0.675 0.12916666666666668 0.03203125 0.058333333333333334
0 0.4234375 0.46458333333333335 0.0265625 0.04895833333333333
0 0.525 0.11145833333333334 0.03046875 0.057291666666666664
0 0.51953125 0.5552083333333333 0.0265625 0.05
0 0.5734375 0.11354166666666667 0.02734375 0.05416666666666667
0 0.425 0.28541666666666665 0.02734375 0.05416666666666667
0 0.47578125 0.29270833333333335 0.0296875 0.05520833333333333
0 0.3734375 0.19895833333333332 0.02890625 0.057291666666666664