0 0.49765625 0.23333333333333334 0.0375 0.041666666666666664
0 0.48671875 0.30625 0.0375 0.0375
0 0.6140625 0.31666666666666665 0.040625 0.03958333333333333
0 0.84453125 0.46875 0.040625 0.0375
0 0.72578125 0.4510416666666667 0.040625 0.03958333333333333
0 0.50546875 0.18333333333333332 0.040625 0.041666666666666664
0 0.59140625 0.709375 0.040625 0.04375
0 0.84296875 0.521875 0.040625 0.0375
0 0.84296875 0.409375 0.040625 0.035416666666666666
0 0.41484375 0.4166666666666667 0.0375 0.0375
0 0.2671875 0.46875 0.04375 0.03958333333333333
0 0.61796875 0.19895833333333332 0.040625 0.041666666666666664
0 0.27421875 0.4083333333333333 0.04375 0.041666666666666664
0 0.28203125 0.28958333333333336 0.04375 0.041666666666666664
0 0.27734375 0.3385416666666667 0.04375 0.041666666666666664
0 0.66328125 0.446875 0.0375 0.0375
0 0.84609375 0.34270833333333334 0.04375 0.035416666666666666
0 0.44921875 0.6916666666666667 0.040625 0.041666666666666664
0 0.86328125 0.16041666666666668 0.021875 0.0375
0 0.85625 0.10833333333333334 0.0375 0.0375