0 0.371875 0.6875 0.378125 0.6916666666666667 0.378125 0.6958333333333333 0.38125 0.7 0.38125 0.70625 0.378125 0.7166666666666667 0.371875 0.725 0.359375 0.73125 0.3515625 0.73125 0.34375 0.7270833333333333 0.3375 0.71875 0.3359375 0.70625 0.3390625 0.6979166666666666 0.3484375 0.6895833333333333 0.3578125 0.6854166666666667 0.3703125 0.6875
0 0.2890625 0.11875 0.303125 0.1375 0.303125 0.15208333333333332 0.296875 0.16041666666666668 0.2921875 0.1625 0.2765625 0.1625 0.2703125 0.15833333333333333 0.2640625 0.15208333333333332 0.259375 0.13958333333333334 0.2609375 0.12916666666666668 0.2671875 0.12083333333333333 0.2703125 0.11875 0.2875 0.11875
0 0.36875 0.39791666666666664 0.384375 0.40625 0.3890625 0.41458333333333336 0.3875 0.4270833333333333 0.378125 0.4375 0.3578125 0.4375 0.3484375 0.43125 0.3453125 0.42291666666666666 0.3453125 0.41458333333333336 0.3484375 0.40625 0.3578125 0.4 0.3671875 0.39791666666666664
0 0.8375 0.69375 0.846875 0.7020833333333333 0.85 0.7145833333333333 0.846875 0.725 0.834375 0.7354166666666667 0.8203125 0.7354166666666667 0.8109375 0.73125 0.7984375 0.7166666666666667 0.796875 0.7041666666666667 0.8046875 0.6916666666666667 0.8140625 0.6875 0.825 0.6875 0.8359375 0.69375
0 0.290625 0.2625 0.3 0.26875 0.30625 0.2791666666666667 0.30625 0.28958333333333336 0.296875 0.3020833333333333 0.2796875 0.3020833333333333 0.271875 0.29791666666666666 0.2640625 0.28958333333333336 0.2625 0.2833333333333333 0.2640625 0.2708333333333333 0.271875 0.2625 0.2765625 0.2604166666666667 0.2890625 0.2625
0 0.15625 0.2125 0.165625 0.21875 0.1734375 0.23125 0.171875 0.24375 0.165625 0.2520833333333333 0.1609375 0.25416666666666665 0.1453125 0.2520833333333333 0.134375 0.24583333333333332 0.1296875 0.23958333333333334 0.1296875 0.22291666666666668 0.1328125 0.21666666666666667 0.1421875 0.21041666666666667 0.1546875 0.2125
0 0.6109375 0.6791666666666667 0.61875 0.6895833333333333 0.6203125 0.7041666666666667 0.615625 0.7166666666666667 0.603125 0.7229166666666667 0.5859375 0.71875 0.578125 0.7083333333333334 0.5765625 0.6958333333333333 0.5796875 0.6875 0.5890625 0.6770833333333334 0.603125 0.675 0.609375 0.6791666666666667
0 0.303125 0.39791666666666664 0.3125 0.4041666666666667 0.31875 0.41875 0.3125 0.43125 0.3015625 0.4375 0.284375 0.43333333333333335 0.2765625 0.4270833333333333 0.2734375 0.42083333333333334 0.2734375 0.4083333333333333 0.2796875 0.4 0.2890625 0.3958333333333333 0.3015625 0.39791666666666664
0 0.8234375 0.36875 0.8296875 0.37083333333333335 0.8375 0.37916666666666665 0.8375 0.39791666666666664 0.83125 0.4041666666666667 0.815625 0.4125 0.8 0.41041666666666665 0.79375 0.40625 0.7890625 0.39791666666666664 0.7890625 0.3875 0.7921875 0.38125 0.8078125 0.36875 0.821875 0.36875
0 0.8234375 0.4395833333333333 0.834375 0.44375 0.8421875 0.45625 0.840625 0.4708333333333333 0.8375 0.475 0.825 0.48125 0.8046875 0.4791666666666667 0.7984375 0.475 0.79375 0.46458333333333335 0.79375 0.45625 0.7984375 0.4479166666666667 0.8109375 0.4395833333333333 0.821875 0.4395833333333333
0 0.825 0.15833333333333333 0.828125 0.16458333333333333 0.828125 0.17708333333333334 0.81875 0.19166666666666668 0.80625 0.2 0.790625 0.2 0.7859375 0.19791666666666666 0.7796875 0.18958333333333333 0.7796875 0.175 0.7828125 0.16666666666666666 0.7890625 0.15833333333333333 0.7984375 0.15208333333333332 0.815625 0.15208333333333332 0.8234375 0.15833333333333333
0 0.5875 0.24375 0.59375 0.25416666666666665 0.59375 0.26458333333333334 0.590625 0.275 0.5859375 0.28125 0.5765625 0.28541666666666665 0.5609375 0.28125 0.5546875 0.2708333333333333 0.553125 0.2604166666666667 0.5578125 0.24791666666666667 0.56875 0.23958333333333334 0.5796875 0.23958333333333334 0.5859375 0.24375
0 0.1484375 0.47708333333333336 0.1609375 0.4708333333333333 0.1765625 0.47291666666666665 0.1875 0.4791666666666667 0.190625 0.4875 0.190625 0.49583333333333335 0.1828125 0.50625 0.171875 0.5104166666666666 0.159375 0.5104166666666666 0.153125 0.5083333333333333 0.1453125 0.5 0.14375 0.4875 0.1453125 0.48125 0.1484375 0.4791666666666667
0 0.2546875 0.34375 0.259375 0.35208333333333336 0.259375 0.3625 0.25625 0.36875 0.246875 0.375 0.2265625 0.3729166666666667 0.215625 0.3625 0.2140625 0.3541666666666667 0.2171875 0.34375 0.2265625 0.33541666666666664 0.240625 0.33541666666666664 0.25 0.33958333333333335 0.253125 0.34375
0 0.378125 0.13541666666666666 0.38125 0.14166666666666666 0.38125 0.15416666666666667 0.3734375 0.16458333333333333 0.36875 0.16666666666666666 0.35625 0.16666666666666666 0.3484375 0.1625 0.3390625 0.15 0.3390625 0.1375 0.3453125 0.12708333333333333 0.35625 0.12083333333333333 0.36875 0.12291666666666666 0.3765625 0.13541666666666666
0 0.578125 0.0875 0.584375 0.09375 0.5875 0.1125 0.584375 0.12291666666666666 0.5796875 0.12916666666666668 0.56875 0.13541666666666666 0.5609375 0.13541666666666666 0.553125 0.13125 0.5484375 0.125 0.5453125 0.11458333333333333 0.5453125 0.10416666666666667 0.5515625 0.09166666666666666 0.5609375 0.08541666666666667 0.575 0.08541666666666667 0.5765625 0.0875
0 0.29921875 0.565625 0.046875 0.041666666666666664
0 0.4515625 0.46041666666666664 0.4578125 0.46458333333333335 0.4625 0.47291666666666665 0.4625 0.4875 0.453125 0.4979166666666667 0.4453125 0.4979166666666667 0.44375 0.5 0.4328125 0.4979166666666667 0.4265625 0.49375 0.421875 0.48541666666666666 0.421875 0.475 0.4234375 0.46875 0.4328125 0.46041666666666664 0.45 0.46041666666666664
0 0.1734375 0.33958333333333335 0.184375 0.34791666666666665 0.1890625 0.35833333333333334 0.1875 0.36875 0.178125 0.3770833333333333 0.1546875 0.375 0.1484375 0.37083333333333335 0.1421875 0.36041666666666666 0.1421875 0.3541666666666667 0.1453125 0.3458333333333333 0.1515625 0.33958333333333335 0.15625 0.3375 0.171875 0.33958333333333335
0 0.8171875 0.61875 0.8359375 0.625 0.84375 0.63125 0.846875 0.6375 0.846875 0.6541666666666667 0.8390625 0.6625 0.828125 0.6666666666666666 0.8171875 0.6666666666666666 0.8015625 0.6583333333333333 0.7953125 0.6458333333333334 0.7953125 0.6354166666666666 0.8015625 0.625 0.8078125 0.6208333333333333 0.815625 0.6208333333333333
0 0.1734375 0.2708333333333333 0.18125 0.2791666666666667 0.184375 0.2875 0.184375 0.29375 0.171875 0.30625 0.153125 0.30416666666666664 0.1453125 0.3 0.1390625 0.2916666666666667 0.1390625 0.27708333333333335 0.1484375 0.26666666666666666 0.165625 0.26666666666666666 0.171875 0.2708333333333333
0 0.49765625 0.4166666666666667 0.040625 0.041666666666666664
0 0.834375 0.5291666666666667 0.846875 0.5416666666666666 0.846875 0.5583333333333333 0.840625 0.5666666666666667 0.83125 0.5708333333333333 0.815625 0.5708333333333333 0.80625 0.5666666666666667 0.7984375 0.5583333333333333 0.7953125 0.5458333333333333 0.803125 0.5333333333333333 0.809375 0.5291666666666667 0.8171875 0.5270833333333333 0.8328125 0.5291666666666667
0 0.16484375 0.425 0.046875 0.041666666666666664
0 0.8234375 0.22916666666666666 0.83125 0.23541666666666666 0.834375 0.24166666666666667 0.834375 0.2520833333333333 0.828125 0.26666666666666666 0.809375 0.275 0.7953125 0.275 0.7921875 0.27291666666666664 0.7859375 0.26458333333333334 0.7859375 0.25 0.7921875 0.2375 0.8 0.23125 0.821875 0.22916666666666666
0 0.44375 0.25625 0.446875 0.26458333333333334 0.446875 0.2791666666666667 0.440625 0.2875 0.4328125 0.2916666666666667 0.41875 0.28958333333333336 0.4109375 0.2833333333333333 0.40625 0.275 0.40625 0.2625 0.4140625 0.25 0.41875 0.24791666666666667 0.4328125 0.24791666666666667 0.4375 0.25 0.4421875 0.25625
0 0.825 0.28541666666666665 0.8375 0.29583333333333334 0.840625 0.30833333333333335 0.834375 0.32083333333333336 0.8171875 0.33125 0.8015625 0.33125 0.7953125 0.32708333333333334 0.7890625 0.31875 0.7890625 0.30625 0.8015625 0.28958333333333336 0.8125 0.28541666666666665 0.8234375 0.28541666666666665