0 0.1375 0.22916666666666666 0.1421875 0.225 0.146875 0.225 0.159375 0.24583333333333332 0.1578125 0.2625 0.1546875 0.26875 0.146875 0.27291666666666664 0.140625 0.26875 0.1328125 0.25625 0.1328125 0.23958333333333334 0.1375 0.23125
0 0.25 0.44375 0.2578125 0.45416666666666666 0.259375 0.46041666666666664 0.259375 0.475 0.25625 0.48333333333333334 0.25 0.4895833333333333 0.24375 0.4895833333333333 0.2375 0.48541666666666666 0.23125 0.47291666666666665 0.23125 0.46041666666666664 0.234375 0.45 0.2421875 0.44166666666666665 0.2484375 0.44375
0 0.2265625 0.2833333333333333 0.234375 0.2916666666666667 0.2390625 0.30416666666666664 0.2375 0.3104166666666667 0.234375 0.3125 0.23125 0.32916666666666666 0.228125 0.33125 0.2203125 0.32708333333333334 0.2125 0.31666666666666665 0.2109375 0.3104166666666667 0.2125 0.29375 0.2171875 0.2875 0.225 0.2833333333333333
0 0.2625 0.06458333333333334 0.2703125 0.07083333333333333 0.275 0.0875 0.275 0.09791666666666667 0.271875 0.10625 0.26875 0.11041666666666666 0.2609375 0.11041666666666666 0.25625 0.10625 0.2515625 0.09583333333333334 0.25 0.07916666666666666 0.253125 0.07083333333333333 0.2609375 0.06666666666666667
0 0.196875 0.3625 0.2078125 0.37916666666666665 0.2078125 0.3958333333333333 0.1984375 0.4083333333333333 0.190625 0.40625 0.1796875 0.39166666666666666 0.1796875 0.37916666666666665 0.1828125 0.37083333333333335 0.1875 0.3645833333333333 0.1953125 0.3625
0 0.696875 0.4125 0.7015625 0.41875 0.703125 0.425 0.703125 0.44375 0.7 0.45208333333333334 0.6890625 0.46041666666666664 0.6828125 0.46041666666666664 0.675 0.45208333333333334 0.6734375 0.43333333333333335 0.675 0.425 0.6828125 0.4125 0.6859375 0.41041666666666665 0.69375 0.41041666666666665 0.6953125 0.4125
0 0.203125 0.6145833333333334 0.215625 0.625 0.215625 0.6479166666666667 0.2078125 0.6604166666666667 0.1921875 0.6604166666666667 0.1859375 0.6479166666666667 0.1859375 0.6354166666666666 0.190625 0.6208333333333333 0.196875 0.6145833333333334 0.2015625 0.6145833333333334
0 0.46875 0.09166666666666666 0.4734375 0.0875 0.48125 0.0875 0.4875 0.09583333333333334 0.4875 0.10833333333333334 0.4890625 0.11041666666666666 0.4859375 0.13125 0.4828125 0.13541666666666666 0.471875 0.13541666666666666 0.465625 0.12291666666666666 0.465625 0.1 0.46875 0.09375
0 0.246875 0.30625 0.2515625 0.30833333333333335 0.259375 0.3229166666666667 0.259375 0.3416666666666667 0.253125 0.35208333333333336 0.24375 0.35208333333333336 0.2359375 0.34375 0.2328125 0.33125 0.2375 0.3125 0.2453125 0.30625
0 0.5125 0.225 0.5203125 0.22916666666666666 0.5234375 0.2375 0.525 0.25625 0.521875 0.26875 0.51875 0.27291666666666664 0.509375 0.27708333333333335 0.5015625 0.26666666666666666 0.5 0.24166666666666667 0.5046875 0.22916666666666666 0.5109375 0.22708333333333333
0 0.26875 0.14583333333333334 0.2734375 0.14166666666666666 0.284375 0.14166666666666666 0.2890625 0.15 0.2921875 0.16458333333333333 0.2890625 0.18125 0.2859375 0.18541666666666667 0.2765625 0.18541666666666667 0.26875 0.175 0.265625 0.16458333333333333 0.265625 0.15625 0.26875 0.14791666666666667
0 0.2453125 0.2375 0.2546875 0.25416666666666665 0.2546875 0.27291666666666664 0.2484375 0.28125 0.24375 0.2833333333333333 0.2375 0.28125 0.228125 0.26458333333333334 0.228125 0.25416666666666665 0.23125 0.24375 0.2359375 0.2375 0.24375 0.2375
0 0.303125 0.04791666666666667 0.309375 0.05625 0.3125 0.07083333333333333 0.3109375 0.08541666666666667 0.303125 0.09375 0.2953125 0.09166666666666666 0.2875 0.07291666666666667 0.2875 0.0625 0.2921875 0.05 0.3015625 0.04791666666666667
0 0.3125 0 0.334375 0 0.3328125 0.010416666666666666 0.3265625 0.01875 0.3203125 0.01875 0.315625 0.0125 0.3125 0.0020833333333333333
0 0.4203125 0.8 0.4296875 0.8104166666666667 0.4328125 0.83125 0.4296875 0.84375 0.425 0.8520833333333333 0.41875 0.85625 0.409375 0.8520833333333333 0.40625 0.8479166666666667 0.403125 0.8354166666666667 0.403125 0.8208333333333333 0.4078125 0.8083333333333333 0.41875 0.8
0 0.4765625 0.73125 0.4828125 0.7375 0.4859375 0.7458333333333333 0.484375 0.7729166666666667 0.4765625 0.78125 0.471875 0.78125 0.465625 0.7770833333333333 0.459375 0.7666666666666667 0.459375 0.75 0.4625 0.7395833333333334 0.465625 0.7333333333333333 0.471875 0.7291666666666666 0.475 0.73125
0 0.4484375 0 0.4703125 0 0.4703125 0.010416666666666666 0.471875 0.0125 0.4703125 0.014583333333333334 0.46875 0.035416666666666666 0.465625 0.03958333333333333 0.4546875 0.03958333333333333 0.4515625 0.035416666666666666 0.4484375 0.022916666666666665 0.4484375 0.0020833333333333333
0 0.546875 0.3875 0.553125 0.3958333333333333 0.5546875 0.41875 0.55 0.43125 0.5453125 0.4354166666666667 0.5375 0.4354166666666667 0.5328125 0.43125 0.5296875 0.41875 0.53125 0.3958333333333333 0.5375 0.3875 0.5453125 0.3875
0 0.5125 0.15625 0.5171875 0.15833333333333333 0.521875 0.16666666666666666 0.5234375 0.18541666666666667 0.5203125 0.19791666666666666 0.5140625 0.20625 0.50625 0.20625 0.5 0.19583333333333333 0.4984375 0.17083333333333334 0.5046875 0.15833333333333333 0.5109375 0.15833333333333333
0 0.5109375 0.0875 0.515625 0.08333333333333333 0.5234375 0.08333333333333333 0.528125 0.0875 0.53125 0.09583333333333334 0.5296875 0.12291666666666666 0.525 0.13125 0.51875 0.13333333333333333 0.5140625 0.13125 0.509375 0.125 0.5078125 0.11875 0.5078125 0.09583333333333334 0.5109375 0.08958333333333333