0 0.5078125 0.16666666666666666 0.040625 0.041666666666666664
0 0.39140625 0.3020833333333333 0.040625 0.0375
0 0.15234375 0.45416666666666666 0.04375 0.03958333333333333
0 0.27578125 0.43645833333333334 0.040625 0.03958333333333333
0 0.73515625 0.3302083333333333 0.04375 0.041666666666666664
0 0.45234375 0.29791666666666666 0.0375 0.0375
0 0.15546875 0.50625 0.04375 0.03958333333333333
0 0.15703125 0.39375 0.04375 0.0375
0 0.73046875 0.28020833333333334 0.04375 0.041666666666666664
0 0.51171875 0.21666666666666667 0.0375 0.041666666666666664
0 0.40859375 0.7020833333333333 0.040625 0.041666666666666664
0 0.15390625 0.3229166666666667 0.04375 0.0375
0 0.59296875 0.40625 0.0375 0.03958333333333333
0 0.390625 0.18125 0.040625 0.041666666666666664
0 0.33984375 0.43333333333333335 0.0375 0.0375
0 0.74453125 0.4635416666666667 0.04375 0.03958333333333333
0 0.7375 0.4 0.04375 0.041666666666666664
0 0.1375 0.1375 0.025 0.0375
0 0.5546875 0.6854166666666667 0.04375 0.041666666666666664
0 0.146875 0.084375 0.040625 0.03958333333333333