0 0.84375 0.7947916666666667 0.0296875 0.05
0 0.7390625 0.578125 0.03125 0.05
0 0.7921875 0.659375 0.03125 0.05
0 0.7796875 0.40208333333333335 0.03125 0.05416666666666667
0 0.46953125 0.8947916666666667 0.028125 0.05416666666666667
0 0.471875 0.8104166666666667 0.028125 0.05416666666666667
0 0.75 0.775 0.028125 0.05416666666666667
0 0.50625 0.9645833333333333 0.0265625 0.05416666666666667
0 0.7109375 0.89375 0.028125 0.05
0 0.728125 0.9697916666666667 0.028125 0.05
0 0.275 0.6385416666666667 0.034375 0.058333333333333334
0 0.5578125 0.9666666666666667 0.028125 0.05416666666666667
0 0.5421875 0.4197916666666667 0.028125 0.05
0 0.74453125 0.709375 0.0296875 0.05
0 0.46171875 0.9729166666666667 0.028125 0.05416666666666667
0 0.69140625 0.9822916666666667 0.0265625 0.035416666666666666
0 0.43359375 0.6541666666666667 0.0296875 0.05416666666666667
0 0.4859375 0.4947916666666667 0.028125 0.05416666666666667
0 0.496875 0.396875 0.028125 0.05
0 0.5421875 0.32708333333333334 0.03125 0.05416666666666667
0 0.49140625 0.321875 0.0296875 0.05416666666666667