0 0.7 0.2625 0.70625 0.26666666666666666 0.7109375 0.2791666666666667 0.7109375 0.29375 0.70625 0.30625 0.6953125 0.31666666666666665 0.6890625 0.31666666666666665 0.68125 0.30833333333333335 0.6796875 0.2875 0.684375 0.27291666666666664 0.69375 0.2625 0.6984375 0.2625
0 0.509375 0.6479166666666667 0.5171875 0.6625 0.5171875 0.675 0.5109375 0.6895833333333333 0.5046875 0.6958333333333333 0.496875 0.6895833333333333 0.4921875 0.6770833333333334 0.4921875 0.6625 0.496875 0.65 0.5015625 0.6458333333333334 0.5078125 0.6479166666666667
0 0.6890625 0.01875 0.696875 0.029166666666666667 0.6984375 0.05 0.69375 0.06458333333333334 0.684375 0.07708333333333334 0.678125 0.07708333333333334 0.6703125 0.06875 0.66875 0.05 0.671875 0.029166666666666667 0.6796875 0.01875 0.684375 0.016666666666666666 0.6875 0.01875
0 0.5015625 0.5520833333333334 0.50625 0.5541666666666667 0.5109375 0.5604166666666667 0.5125 0.5666666666666667 0.5125 0.5854166666666667 0.509375 0.59375 0.5046875 0.5979166666666667 0.4984375 0.5979166666666667 0.49375 0.59375 0.4875 0.58125 0.490625 0.5604166666666667 0.4953125 0.5541666666666667 0.5 0.5520833333333334
0 0.7203125 0.8041666666666667 0.728125 0.8125 0.7328125 0.825 0.7328125 0.8354166666666667 0.734375 0.8375 0.73125 0.8520833333333333 0.7234375 0.8604166666666667 0.715625 0.8604166666666667 0.7109375 0.85625 0.70625 0.8479166666666667 0.7015625 0.83125 0.7046875 0.8125 0.7109375 0.8041666666666667 0.71875 0.8041666666666667
0 0.7046875 0.5541666666666667 0.7125 0.5625 0.715625 0.5729166666666666 0.7140625 0.59375 0.7046875 0.6041666666666666 0.6921875 0.6020833333333333 0.684375 0.5895833333333333 0.684375 0.5708333333333333 0.6875 0.5625 0.6953125 0.5541666666666667 0.703125 0.5541666666666667
0 0.41875 0.32916666666666666 0.425 0.33958333333333335 0.4265625 0.35208333333333336 0.425 0.3541666666666667 0.425 0.3645833333333333 0.415625 0.375 0.40625 0.3729166666666667 0.4046875 0.36666666666666664 0.4 0.36041666666666666 0.3984375 0.34375 0.4015625 0.3333333333333333 0.409375 0.325 0.4140625 0.325 0.4171875 0.32916666666666666
0 0.5953125 0.38125 0.6 0.38333333333333336 0.60625 0.3958333333333333 0.6046875 0.41875 0.5953125 0.43125 0.5875 0.43125 0.58125 0.425 0.578125 0.4166666666666667 0.578125 0.39791666666666664 0.58125 0.38958333333333334 0.5859375 0.38333333333333336 0.59375 0.38125
0 0.490625 0.05625 0.4984375 0.0625 0.503125 0.07916666666666666 0.5015625 0.09791666666666667 0.49375 0.1125 0.484375 0.11041666666666666 0.4765625 0.09166666666666666 0.4765625 0.07083333333333333 0.4796875 0.0625 0.4890625 0.05625
0 0.3359375 0.8270833333333333 0.3421875 0.8333333333333334 0.3453125 0.85 0.3390625 0.8729166666666667 0.33125 0.88125 0.325 0.88125 0.31875 0.875 0.315625 0.8645833333333334 0.315625 0.85 0.3171875 0.8416666666666667 0.3265625 0.8291666666666667 0.334375 0.8270833333333333
0 0.309375 0.08333333333333333 0.315625 0.0875 0.3234375 0.10833333333333334 0.3234375 0.12291666666666666 0.315625 0.1375 0.3046875 0.13541666666666666 0.296875 0.12291666666666666 0.2953125 0.11666666666666667 0.2953125 0.09583333333333334 0.2984375 0.0875 0.3078125 0.08333333333333333
0 0.434375 0.8291666666666667 0.4375 0.8395833333333333 0.4375 0.85625 0.434375 0.8708333333333333 0.428125 0.8791666666666667 0.421875 0.8791666666666667 0.4140625 0.8729166666666667 0.4109375 0.8625 0.4109375 0.8458333333333333 0.421875 0.825 0.4296875 0.825 0.4328125 0.8291666666666667
0 0.40625 0.5708333333333333 0.415625 0.56875 0.425 0.58125 0.425 0.6020833333333333 0.4171875 0.6125 0.4078125 0.6145833333333334 0.4015625 0.60625 0.4 0.5979166666666667 0.4 0.5854166666666667 0.40625 0.5729166666666666
0 0.5125 0.81875 0.5171875 0.8208333333333333 0.5234375 0.8333333333333334 0.5234375 0.85625 0.51875 0.86875 0.5140625 0.8729166666666667 0.50625 0.8729166666666667 0.5015625 0.86875 0.496875 0.8479166666666667 0.5015625 0.8270833333333333 0.5046875 0.8208333333333333 0.5109375 0.81875
0 0.559375 0.8208333333333333 0.5640625 0.825 0.56875 0.8395833333333333 0.5671875 0.8625 0.559375 0.8729166666666667 0.55 0.8708333333333333 0.5453125 0.8645833333333334 0.5421875 0.8520833333333333 0.5421875 0.8375 0.546875 0.825 0.5546875 0.81875 0.5578125 0.8208333333333333
0 0.3828125 0.825 0.3875 0.8291666666666667 0.390625 0.8375 0.390625 0.8604166666666667 0.38125 0.8770833333333333 0.3703125 0.8770833333333333 0.3640625 0.8666666666666667 0.3640625 0.85 0.36875 0.8333333333333334 0.3765625 0.825 0.38125 0.825
0 0.3515625 0.07291666666666667 0.359375 0.07916666666666666 0.365625 0.10208333333333333 0.3625 0.11875 0.35625 0.12708333333333333 0.35 0.12708333333333333 0.3453125 0.12291666666666666 0.3375 0.10416666666666667 0.3375 0.0875 0.340625 0.07916666666666666 0.34375 0.075 0.35 0.07291666666666667
0 0.3515625 0.28958333333333336 0.3453125 0.27291666666666664 0.3453125 0.2625 0.3484375 0.2520833333333333 0.3546875 0.24583333333333332 0.3625 0.24583333333333332 0.36875 0.25416666666666665 0.3734375 0.26666666666666666 0.3734375 0.27708333333333335 0.3703125 0.28958333333333336 0.3625 0.29791666666666666 0.3546875 0.29375 0.353125 0.28958333333333336
0 0.671875 0.80625 0.68125 0.8125 0.6875 0.8270833333333333 0.6890625 0.84375 0.6859375 0.85625 0.678125 0.8645833333333334 0.6703125 0.8625 0.6640625 0.85625 0.6578125 0.8395833333333333 0.6578125 0.8208333333333333 0.6609375 0.8125 0.6640625 0.8083333333333333 0.6703125 0.8083333333333333
0 0.59375 0.5541666666666667 0.5984375 0.55 0.609375 0.55 0.615625 0.5583333333333333 0.6171875 0.5645833333333333 0.615625 0.5895833333333333 0.6078125 0.5979166666666667 0.5984375 0.5979166666666667 0.5890625 0.58125 0.5890625 0.5666666666666667 0.59375 0.55625
0 0.465625 0.8270833333333333 0.4734375 0.8416666666666667 0.4734375 0.8604166666666667 0.46875 0.8729166666666667 0.4609375 0.88125 0.4515625 0.8770833333333333 0.4453125 0.8583333333333333 0.446875 0.85625 0.446875 0.8458333333333333 0.4515625 0.8333333333333334 0.4578125 0.825 0.4640625 0.8270833333333333
0 0.309375 0.3375 0.3140625 0.3333333333333333 0.321875 0.3333333333333333 0.3265625 0.3375 0.3328125 0.35 0.33125 0.375 0.3265625 0.38125 0.3171875 0.38125 0.309375 0.3729166666666667 0.3046875 0.36041666666666666 0.3046875 0.35 0.309375 0.33958333333333335
0 0.325 0.5770833333333333 0.3296875 0.5833333333333334 0.33125 0.6020833333333333 0.3265625 0.6145833333333334 0.31875 0.6208333333333333 0.309375 0.61875 0.303125 0.6104166666666667 0.3015625 0.6 0.303125 0.5979166666666667 0.303125 0.5875 0.3078125 0.5791666666666667 0.3140625 0.575 0.321875 0.575 0.3234375 0.5770833333333333
0 0.434375 0.07083333333333333 0.4390625 0.06666666666666667 0.446875 0.06666666666666667 0.4515625 0.07083333333333333 0.45625 0.08333333333333333 0.45625 0.10625 0.45 0.11875 0.4421875 0.12291666666666666 0.434375 0.11458333333333333 0.4296875 0.09583333333333334 0.43125 0.07916666666666666 0.434375 0.07291666666666667
0 0.4984375 0.30833333333333335 0.509375 0.31875 0.5109375 0.325 0.509375 0.35208333333333336 0.5015625 0.36041666666666666 0.4953125 0.36041666666666666 0.490625 0.35625 0.490625 0.35208333333333336 0.4859375 0.34375 0.484375 0.33541666666666664 0.4859375 0.3229166666666667 0.4921875 0.3125 0.496875 0.3104166666666667
0 0.3984375 0.07083333333333333 0.4046875 0.07916666666666666 0.4078125 0.08958333333333333 0.4078125 0.11041666666666666 0.4046875 0.11875 0.3984375 0.125 0.390625 0.12291666666666666 0.38125 0.10208333333333333 0.3828125 0.07916666666666666 0.3890625 0.07083333333333333 0.396875 0.07083333333333333
0 0.6125 0.8145833333333333 0.6171875 0.8166666666666667 0.621875 0.8229166666666666 0.6265625 0.8395833333333333 0.6265625 0.8520833333333333 0.6234375 0.8645833333333334 0.615625 0.8708333333333333 0.6078125 0.86875 0.6015625 0.8604166666666667 0.5984375 0.85 0.5984375 0.8291666666666667 0.60625 0.8166666666666667 0.6109375 0.8145833333333333
0 0.5390625 0.05 0.54375 0.05416666666666667 0.5484375 0.07291666666666667 0.546875 0.075 0.546875 0.08958333333333333 0.5375 0.10625 0.5296875 0.10625 0.525 0.10208333333333333 0.5203125 0.07916666666666666 0.5234375 0.058333333333333334 0.5296875 0.05 0.5375 0.05
0 0.6609375 0.63125 0.665625 0.6333333333333333 0.6734375 0.6479166666666667 0.6734375 0.66875 0.665625 0.68125 0.653125 0.68125 0.64375 0.6645833333333333 0.64375 0.6458333333333334 0.6453125 0.6416666666666667 0.6515625 0.6333333333333333 0.659375 0.63125
0 0.59375 0.04583333333333333 0.5984375 0.06041666666666667 0.5984375 0.06666666666666667 0.5953125 0.08541666666666667 0.5875 0.09791666666666667 0.578125 0.09791666666666667 0.5734375 0.09375 0.5703125 0.08541666666666667 0.5703125 0.058333333333333334 0.5734375 0.05 0.58125 0.041666666666666664 0.5890625 0.041666666666666664 0.5921875 0.04583333333333333
0 0.646875 0.19375 0.6546875 0.2 0.6578125 0.22291666666666668 0.65625 0.23125 0.65 0.24375 0.640625 0.25 0.634375 0.24791666666666667 0.63125 0.24375 0.628125 0.23541666666666666 0.628125 0.21875 0.63125 0.20416666666666666 0.6375 0.19583333333333333 0.6453125 0.19375
0 0.64375 0.03125 0.646875 0.03333333333333333 0.6515625 0.04583333333333333 0.6515625 0.06041666666666667 0.646875 0.07708333333333334 0.6375 0.0875 0.628125 0.08541666666666667 0.6234375 0.075 0.621875 0.06458333333333334 0.6265625 0.03958333333333333 0.6359375 0.029166666666666667 0.6421875 0.03125