0 0.384375 0.5125 0.39375 0.5208333333333334 0.3953125 0.5333333333333333 0.39375 0.5395833333333333 0.3796875 0.55 0.3671875 0.5479166666666667 0.3546875 0.5333333333333333 0.3546875 0.5270833333333333 0.3578125 0.525 0.3609375 0.5166666666666667 0.3703125 0.5104166666666666 0.38125 0.5104166666666666 0.3828125 0.5125
0 0.8671875 0.36041666666666666 0.8734375 0.3645833333333333 0.8734375 0.3958333333333333 0.865625 0.4 0.84375 0.4 0.8328125 0.3854166666666667 0.8328125 0.3770833333333333 0.840625 0.36666666666666664 0.8546875 0.36041666666666666 0.865625 0.36041666666666666
0 0.740625 0.3645833333333333 0.746875 0.3729166666666667 0.7484375 0.37916666666666665 0.746875 0.38958333333333334 0.7375 0.4 0.725 0.4 0.7234375 0.40208333333333335 0.7140625 0.40208333333333335 0.7046875 0.39375 0.703125 0.38958333333333334 0.7046875 0.375 0.71875 0.3625 0.7296875 0.36041666666666666 0.7390625 0.3645833333333333
0 0.871875 0.21875 0.8734375 0.22083333333333333 0.8734375 0.25416666666666665 0.85625 0.2625 0.8546875 0.2604166666666667 0.846875 0.2604166666666667 0.8390625 0.25416666666666665 0.8359375 0.24583333333333332 0.8359375 0.23958333333333334 0.8484375 0.22291666666666668 0.85625 0.21875 0.8703125 0.21875
0 0.465625 0.5125 0.475 0.525 0.475 0.5375 0.4625 0.5479166666666667 0.4484375 0.5479166666666667 0.4453125 0.5458333333333333 0.4359375 0.5333333333333333 0.4359375 0.5229166666666667 0.4453125 0.5125 0.45 0.5104166666666666 0.4640625 0.5125
0 0.234375 0.20625 0.240625 0.21458333333333332 0.2453125 0.22708333333333333 0.2453125 0.23333333333333334 0.240625 0.24375 0.234375 0.24791666666666667 0.2171875 0.24791666666666667 0.203125 0.2375 0.196875 0.22291666666666668 0.1984375 0.2125 0.2046875 0.20416666666666666 0.2265625 0.20208333333333334 0.2328125 0.20625
0 0.740625 0.2833333333333333 0.75 0.2916666666666667 0.7515625 0.30833333333333335 0.746875 0.31666666666666665 0.7328125 0.325 0.715625 0.325 0.7078125 0.31666666666666665 0.70625 0.30833333333333335 0.7078125 0.3 0.7203125 0.28541666666666665 0.7390625 0.2833333333333333
0 0.44375 0.21875 0.453125 0.22916666666666666 0.4546875 0.24375 0.453125 0.25 0.446875 0.25833333333333336 0.440625 0.2625 0.4265625 0.2625 0.4203125 0.25833333333333336 0.4140625 0.25 0.4140625 0.22916666666666666 0.4171875 0.22291666666666668 0.428125 0.21666666666666667 0.4421875 0.21875
0 0.60625 0.6479166666666667 0.6125 0.6541666666666667 0.615625 0.6666666666666666 0.6078125 0.68125 0.6 0.6854166666666667 0.5890625 0.6854166666666667 0.58125 0.68125 0.5734375 0.66875 0.5734375 0.65625 0.5796875 0.6479166666666667 0.5875 0.64375 0.5953125 0.64375 0.6046875 0.6479166666666667
0 0.871875 0.6395833333333333 0.8734375 0.6416666666666667 0.8734375 0.6770833333333334 0.8578125 0.6770833333333334 0.8453125 0.6708333333333333 0.8390625 0.6625 0.8390625 0.65 0.8453125 0.6416666666666667 0.8546875 0.6375 0.8703125 0.6395833333333333
0 0.5953125 0.36666666666666664 0.60625 0.3770833333333333 0.6078125 0.3854166666666667 0.603125 0.4 0.590625 0.40625 0.571875 0.4041666666666667 0.5671875 0.4 0.5671875 0.3958333333333333 0.5640625 0.39166666666666666 0.5640625 0.3854166666666667 0.56875 0.375 0.5796875 0.36666666666666664 0.59375 0.36666666666666664
0 0.33125 0.8041666666666667 0.334375 0.8104166666666667 0.334375 0.8229166666666666 0.3296875 0.8354166666666667 0.321875 0.84375 0.3015625 0.84375 0.2921875 0.8354166666666667 0.2890625 0.825 0.2921875 0.8145833333333333 0.3046875 0.8 0.321875 0.7979166666666667 0.3296875 0.8041666666666667
0 0.8453125 0.7104166666666667 0.8515625 0.7041666666666667 0.8578125 0.7020833333333333 0.8734375 0.7041666666666667 0.8734375 0.74375 0.8609375 0.74375 0.8453125 0.73125 0.8453125 0.7270833333333333 0.8421875 0.7229166666666667 0.8421875 0.7166666666666667 0.8453125 0.7125
0 0.66875 0.7729166666666667 0.678125 0.7833333333333333 0.68125 0.7895833333333333 0.68125 0.7979166666666667 0.675 0.8083333333333333 0.6625 0.8145833333333333 0.6546875 0.8125 0.6421875 0.8020833333333334 0.6390625 0.7958333333333333 0.6390625 0.7791666666666667 0.6421875 0.775 0.6546875 0.76875 0.6609375 0.76875 0.6671875 0.7729166666666667
0 0.2390625 0.6458333333333334 0.246875 0.6541666666666667 0.2484375 0.6666666666666666 0.24375 0.6770833333333334 0.2296875 0.6875 0.2203125 0.6875 0.20625 0.68125 0.2015625 0.6729166666666667 0.2015625 0.6625 0.2046875 0.6541666666666667 0.2109375 0.6479166666666667 0.215625 0.6479166666666667 0.221875 0.64375 0.2359375 0.64375 0.2375 0.6458333333333334
0 0.2375 0.5145833333333333 0.246875 0.525 0.2484375 0.5333333333333333 0.24375 0.54375 0.23125 0.5520833333333334 0.2171875 0.5520833333333334 0.2125 0.5479166666666667 0.2078125 0.5479166666666667 0.2015625 0.5395833333333333 0.2 0.5333333333333333 0.2015625 0.525 0.2140625 0.5125 0.2359375 0.5145833333333333
0 0.23125 0.44583333333333336 0.24375 0.45625 0.2453125 0.4625 0.24375 0.47291666666666665 0.2390625 0.4791666666666667 0.23125 0.48333333333333334 0.2125 0.48333333333333334 0.2015625 0.475 0.1984375 0.46875 0.1984375 0.4583333333333333 0.203125 0.45 0.2140625 0.44375 0.2296875 0.44583333333333336
0 0.24375 0.71875 0.25 0.7229166666666667 0.253125 0.7291666666666666 0.253125 0.7416666666666667 0.2359375 0.7604166666666666 0.2171875 0.7604166666666666 0.2140625 0.7583333333333333 0.2078125 0.75 0.20625 0.7395833333333334 0.2109375 0.7270833333333333 0.221875 0.71875 0.2265625 0.7166666666666667 0.240625 0.7166666666666667 0.2421875 0.71875
0 0.728125 0.7020833333333333 0.740625 0.7083333333333334 0.746875 0.7166666666666667 0.7484375 0.7229166666666667 0.746875 0.7333333333333333 0.740625 0.7416666666666667 0.73125 0.7458333333333333 0.7234375 0.7458333333333333 0.7140625 0.7395833333333334 0.7046875 0.7291666666666666 0.703125 0.7229166666666667 0.7046875 0.7104166666666667 0.7078125 0.70625 0.715625 0.7020833333333333 0.7265625 0.7020833333333333
0 0.8390625 0.5708333333333333 0.8453125 0.5666666666666667 0.865625 0.5666666666666667 0.8734375 0.5729166666666666 0.8734375 0.6 0.865625 0.60625 0.8421875 0.6 0.834375 0.5875 0.8359375 0.575 0.8390625 0.5729166666666666
0 0.459375 0.6458333333333334 0.465625 0.65 0.471875 0.6645833333333333 0.46875 0.6729166666666667 0.45625 0.6854166666666667 0.446875 0.6854166666666667 0.4390625 0.68125 0.4328125 0.6729166666666667 0.43125 0.6666666666666666 0.4390625 0.6479166666666667 0.4484375 0.64375 0.4578125 0.6458333333333334
0 0.2328125 0.5895833333333333 0.240625 0.59375 0.246875 0.60625 0.246875 0.6104166666666667 0.240625 0.6229166666666667 0.225 0.63125 0.2125 0.63125 0.2046875 0.6270833333333333 0.2 0.61875 0.2 0.60625 0.2015625 0.6 0.2109375 0.5916666666666667 0.23125 0.5895833333333333
0 0.465625 0.79375 0.471875 0.7979166666666667 0.475 0.80625 0.475 0.825 0.4625 0.8375 0.4484375 0.8375 0.4421875 0.8333333333333334 0.4359375 0.8208333333333333 0.4359375 0.80625 0.4421875 0.7958333333333333 0.4515625 0.7916666666666666 0.4625 0.7916666666666666 0.4640625 0.79375
0 0.68125 0.2125 0.6875 0.21875 0.690625 0.22708333333333333 0.690625 0.23541666666666666 0.68125 0.25 0.6703125 0.25625 0.6578125 0.25625 0.6515625 0.2520833333333333 0.6453125 0.2375 0.6484375 0.22708333333333333 0.6546875 0.21666666666666667 0.6671875 0.21041666666666667 0.6796875 0.2125
0 0.2265625 0.26666666666666666 0.240625 0.27708333333333335 0.246875 0.28958333333333336 0.246875 0.29583333333333334 0.24375 0.30416666666666664 0.234375 0.3125 0.2140625 0.3104166666666667 0.2046875 0.30416666666666664 0.1984375 0.29583333333333334 0.1984375 0.2791666666666667 0.2015625 0.27291666666666664 0.2109375 0.26666666666666666 0.225 0.26666666666666666
0 0.459375 0.36041666666666666 0.46875 0.3729166666666667 0.46875 0.38333333333333336 0.4625 0.39375 0.453125 0.4 0.440625 0.4 0.434375 0.3958333333333333 0.4296875 0.39166666666666666 0.4265625 0.38333333333333336 0.4265625 0.3770833333333333 0.4296875 0.36666666666666664 0.4421875 0.35625 0.4515625 0.35625 0.4578125 0.36041666666666666
0 0.6671875 0.5020833333333333 0.675 0.5104166666666666 0.6765625 0.5208333333333334 0.675 0.5270833333333333 0.665625 0.5375 0.6421875 0.5354166666666667 0.634375 0.5270833333333333 0.6328125 0.5208333333333334 0.6359375 0.5083333333333333 0.6421875 0.5020833333333333 0.65 0.5 0.665625 0.5020833333333333
0 0.8453125 0.7708333333333334 0.8515625 0.7666666666666667 0.865625 0.7666666666666667 0.8734375 0.7729166666666667 0.8734375 0.8083333333333333 0.86875 0.8104166666666667 0.8578125 0.8083333333333333 0.8421875 0.79375 0.8390625 0.7833333333333333 0.8421875 0.775 0.8453125 0.7729166666666667
0 0.2328125 0.3625 0.24375 0.3770833333333333 0.24375 0.3854166666666667 0.2375 0.3958333333333333 0.225 0.40208333333333335 0.203125 0.39375 0.1953125 0.38125 0.1953125 0.37083333333333335 0.2046875 0.36041666666666666 0.2109375 0.35833333333333334 0.225 0.35833333333333334 0.23125 0.3625
0 0.859375 0.4979166666666667 0.8734375 0.5020833333333333 0.8734375 0.5333333333333333 0.8671875 0.5375 0.8421875 0.5333333333333333 0.8390625 0.53125 0.834375 0.51875 0.8359375 0.5104166666666666 0.840625 0.5041666666666667 0.846875 0.5 0.8578125 0.4979166666666667
0 0.384375 0.28125 0.39375 0.29375 0.39375 0.3104166666666667 0.3875 0.32083333333333336 0.38125 0.325 0.36875 0.325 0.3609375 0.32083333333333336 0.3546875 0.3104166666666667 0.3515625 0.3020833333333333 0.3515625 0.29583333333333334 0.3546875 0.2875 0.3609375 0.28125 0.3671875 0.2791666666666667 0.3828125 0.28125
0 0.8734375 0.4354166666666667 0.8734375 0.46875 0.86875 0.4708333333333333 0.846875 0.4708333333333333 0.8390625 0.4666666666666667 0.834375 0.4583333333333333 0.834375 0.44583333333333336 0.8390625 0.4395833333333333 0.85 0.43333333333333335 0.8625 0.43125 0.871875 0.4354166666666667