0 0.4828125 0.08645833333333333 0.0296875 0.058333333333333334
0 0.4359375 0.09270833333333334 0.03125 0.058333333333333334
0 0.440625 0.17083333333333334 0.028125 0.058333333333333334
0 0.6328125 0.26145833333333335 0.03125 0.05416666666666667
0 0.634375 0.346875 0.028125 0.05
0 0.534375 0.8708333333333333 0.03125 0.0625
0 0.2390625 0.34270833333333334 0.03125 0.05416666666666667
0 0.29140625 0.16458333333333333 0.03125 0.058333333333333334
0 0.53359375 0.346875 0.0265625 0.05
0 0.4890625 0.703125 0.028125 0.05416666666666667
0 0.4390625 0.7864583333333334 0.028125 0.05416666666666667
0 0.63359375 0.5989583333333334 0.0296875 0.05
0 0.4875 0.7739583333333333 0.0296875 0.05416666666666667
0 0.440625 0.26458333333333334 0.028125 0.05416666666666667
0 0.5796875 0.5125 0.0265625 0.04583333333333333
0 0.2421875 0.521875 0.034375 0.05416666666666667