0 0.52734375 0.7989583333333333 0.0265625 0.05
0 0.49296875 0.8770833333333333 0.0265625 0.05
0 0.16875 0.7145833333333333 0.0265625 0.05
0 0.5296875 0.7291666666666666 0.025 0.05
0 0.4328125 0.13229166666666667 0.03125 0.0625
0 0.31875 0.8979166666666667 0.025 0.05
0 0.24453125 0.6614583333333334 0.0265625 0.04583333333333333
0 0.4765625 0.9614583333333333 0.025 0.05416666666666667
0 0.61953125 0.7197916666666667 0.0296875 0.05416666666666667
0 0.33984375 0.9739583333333334 0.0265625 0.05
0 0.39453125 0.33541666666666664 0.0296875 0.05
0 0.29765625 0.8052083333333333 0.0265625 0.04583333333333333
0 0.2140625 0.5822916666666667 0.028125 0.04583333333333333
0 0.265625 0.640625 0.028125 0.05
0 0.21953125 0.3302083333333333 0.03125 0.05
0 0.28125 0.8770833333333333 0.025 0.05
0 0.2609375 0.7072916666666667 0.028125 0.05
0 0.26328125 0.5052083333333334 0.0296875 0.05
0 0.50390625 0.321875 0.0296875 0.05
0 0.5609375 0.5677083333333334 0.028125 0.05
0 0.41328125 0.9927083333333333 0.0203125 0.014583333333333334
0 0.54296875 0.9927083333333333 0.0234375 0.014583333333333334
0 0.5984375 0.99375 0.021875 0.0125