0 0.7 0.496875 0.03125 0.05
0 0.6453125 0.4822916666666667 0.028125 0.05
0 0.6375 0.6520833333333333 0.0296875 0.05416666666666667
0 0.5234375 0.959375 0.028125 0.05416666666666667
0 0.53671875 0.8010416666666667 0.0296875 0.05416666666666667
0 0.7375 0.5072916666666667 0.03125 0.05416666666666667
0 0.34296875 0.621875 0.0328125 0.05416666666666667
0 0.48359375 0.9572916666666667 0.028125 0.05416666666666667
0 0.56796875 0.9572916666666667 0.0265625 0.05416666666666667
0 0.5625 0.38645833333333335 0.028125 0.05
0 0.5234375 0.18958333333333333 0.0296875 0.058333333333333334
0 0.72578125 0.6572916666666667 0.03125 0.05416666666666667
0 0.56875 0.19895833333333332 0.03125 0.058333333333333334
0 0.6578125 0.209375 0.03125 0.058333333333333334
0 0.62109375 0.203125 0.03125 0.058333333333333334
0 0.53984375 0.7177083333333333 0.028125 0.05
0 0.61796875 0.9614583333333333 0.0265625 0.058333333333333334
0 0.35625 0.4322916666666667 0.03125 0.05416666666666667
0 0.7546875 0.984375 0.028125 0.029166666666666667
0 0.79375 0.975 0.028125 0.05