0 0.325 0.49375 0.0375 0.035416666666666666
0 0.18515625 0.209375 0.0375 0.035416666666666666
0 0.21796875 0.5041666666666667 0.0375 0.03333333333333333
0 0.27265625 0.49166666666666664 0.0375 0.03333333333333333
0 0.21953125 0.4479166666666667 0.0375 0.03333333333333333
0 0.13671875 0.24166666666666667 0.021875 0.03333333333333333
0 0.3171875 0.010416666666666666 0.0375 0.020833333333333332
0 0.1984375 0.159375 0.0375 0.035416666666666666
0 0.14765625 0.425 0.0375 0.03333333333333333
0 0.25390625 0.18125 0.0375 0.0375
0 0.67734375 0.3875 0.040625 0.03958333333333333
0 0.48359375 0.13333333333333333 0.0375 0.041666666666666664
0 0.46171875 0.725 0.0375 0.041666666666666664
0 0.13046875 0.584375 0.0109375 0.03125
0 0.61640625 0.075 0.040625 0.041666666666666664
0 0.44296875 0.53125 0.0375 0.0375
0 0.33828125 0.125 0.0375 0.0375
0 0.68046875 0.44166666666666665 0.040625 0.0375
0 0.421875 0.06458333333333334 0.0375 0.03958333333333333
0 0.13046875 0.515625 0.0109375 0.03125
0 0.38984375 0.13125 0.0375 0.0375
0 0.76015625 0.496875 0.04375 0.03958333333333333