0 0.72265625 0.3729166666666667 0.0375 0.035416666666666666
0 0.6296875 0.6895833333333333 0.034375 0.0375
0 0.59140625 0.725 0.034375 0.035416666666666666
0 0.7078125 0.6177083333333333 0.0375 0.035416666666666666
0 0.671875 0.6510416666666666 0.034375 0.035416666666666666
0 0.47265625 0.603125 0.034375 0.035416666666666666
0 0.55234375 0.51875 0.034375 0.03333333333333333
0 0.71640625 0.44479166666666664 0.0375 0.035416666666666666
0 0.75234375 0.5833333333333334 0.0375 0.035416666666666666
0 0.634375 0.44895833333333335 0.034375 0.03333333333333333
0 0.46953125 0.6822916666666666 0.03125 0.035416666666666666
0 0.79609375 0.5354166666666667 0.040625 0.0375
0 0.54296875 0.7645833333333333 0.034375 0.0375
0 0.19609375 0.40625 0.0375 0.03333333333333333
0 0.50859375 0.8 0.034375 0.0375
0 0.40546875 0.6791666666666667 0.034375 0.035416666666666666
0 0.31640625 0.27708333333333335 0.034375 0.035416666666666666
0 0.2734375 0.32083333333333336 0.0375 0.03333333333333333
0 0.27109375 0.55625 0.0375 0.03333333333333333
0 0.5078125 0.23541666666666666 0.0375 0.0375
0 0.40078125 0.196875 0.034375 0.0375
0 0.50625 0.33125 0.034375 0.035416666666666666
0 0.2734375 0.4822916666666667 0.0375 0.03333333333333333
0 0.35390625 0.23958333333333334 0.034375 0.0375
0 0.35390625 0.48333333333333334 0.034375 0.03333333333333333
0 0.58828125 0.23645833333333333 0.034375 0.0375
0 0.43046875 0.40625 0.034375 0.03333333333333333
0 0.1625 0.44166666666666665 0.0375 0.03333333333333333
0 0.4375 0.15208333333333332 0.034375 0.0375
0 0.23671875 0.36354166666666665 0.0375 0.03333333333333333
0 0.48046875 0.10833333333333334 0.0375 0.041666666666666664
0 0.84140625 0.49375 0.040625 0.0375