0 0.540625 0.7729166666666667 0.034375 0.06666666666666667
0 0.653125 0.696875 0.0375 0.0625
0 0.2484375 0.06354166666666666 0.040625 0.075
0 0.2125 0.6760416666666667 0.0375 0.0625
0 0.4296875 0.6760416666666667 0.034375 0.0625
0 0.5390625 0.05416666666666667 0.0375 0.07083333333333333
0 0.30859375 0.057291666666666664 0.0390625 0.075
0 0.31328125 0.5875 0.034375 0.0625
0 0.425 0.7760416666666666 0.0328125 0.06666666666666667
0 0.47734375 0.575 0.03125 0.05416666666666667
0 0.65 0.36666666666666664 0.0375 0.06666666666666667
0 0.47109375 0.05520833333333333 0.034375 0.07083333333333333
0 0.1921875 0.3885416666666667 0.040625 0.0625
0 0.6578125 0.2677083333333333 0.0375 0.06666666666666667
0 0.209375 0.7864583333333334 0.0375 0.06666666666666667
0 0.4171875 0.057291666666666664 0.0375 0.075
0 0.31953125 0.9583333333333334 0.034375 0.06666666666666667
0 0.35390625 0.05520833333333333 0.0359375 0.07083333333333333
0 0.43046875 0.49270833333333336 0.0328125 0.058333333333333334
0 0.278125 0.9677083333333333 0.034375 0.0625
0 0.4296875 0.95625 0.034375 0.06666666666666667
0 0.3765625 0.9541666666666667 0.034375 0.06666666666666667
0 0.3203125 0.7864583333333334 0.034375 0.06666666666666667
0 0.6109375 0.059375 0.0375 0.075
0 0.31015625 0.38333333333333336 0.0359375 0.0625
0 0.48046875 0.9572916666666667 0.0328125 0.07083333333333333
0 0.37578125 0.85625 0.0328125 0.0625
0 0.04765625 0.5614583333333333 0.0375 0.0625