0 0.73203125 0.5447916666666667 0.028125 0.05
0 0.775 0.3729166666666667 0.03125 0.05
0 0.6796875 0.9385416666666667 0.025 0.05
0 0.46015625 0.9135416666666667 0.0265625 0.05416666666666667
0 0.71640625 0.9197916666666667 0.0265625 0.05
0 0.7 0.846875 0.0265625 0.05
0 0.46796875 0.840625 0.0265625 0.05416666666666667
0 0.7390625 0.7333333333333333 0.028125 0.05
0 0.8296875 0.7572916666666667 0.028125 0.05
0 0.7828125 0.6229166666666667 0.028125 0.05
0 0.734375 0.6697916666666667 0.028125 0.05
0 0.4484375 0.17708333333333334 0.03125 0.058333333333333334
0 0.53125 0.61875 0.028125 0.05
0 0.503125 0.9072916666666667 0.025 0.05416666666666667
0 0.4703125 0.7583333333333333 0.028125 0.05416666666666667
0 0.28203125 0.5895833333333333 0.034375 0.058333333333333334
0 0.5515625 0.9114583333333334 0.025 0.05
0 0.54140625 0.3854166666666667 0.028125 0.05
0 0.4859375 0.45729166666666665 0.028125 0.05
0 0.496875 0.3625 0.028125 0.05
0 0.4921875 0.2875 0.028125 0.05416666666666667
0 0.65703125 0.9947916666666666 0.0203125 0.010416666666666666