0 0.4484375 0.23645833333333333 0.03046875 0.059375
0 0.23671875 0.5802083333333333 0.0328125 0.05520833333333333
0 0.46171875 0.04895833333333333 0.03125 0.0625
0 0.45 0.33229166666666665 0.03046875 0.05520833333333333
0 0.5046875 0.04895833333333333 0.03203125 0.06770833333333333
0 0.34375 0.41041666666666665 0.03125 0.057291666666666664
0 0.4125 0.059375 0.03046875 0.06354166666666666
0 0.2578125 0.32395833333333335 0.0328125 0.057291666666666664
0 0.36875 0.9052083333333333 0.03203125 0.06666666666666667
0 0.28125 0.8822916666666667 0.03203125 0.06354166666666666
0 0.3375 0.5989583333333334 0.03125 0.057291666666666664
0 0.31953125 0.04895833333333333 0.0296875 0.059375
0 0.425 0.9114583333333334 0.03203125 0.06770833333333333
0 0.35625 0.058333333333333334 0.03203125 0.06354166666666666
0 0.4734375 0.9208333333333333 0.03359375 0.06666666666666667
0 0.66875 0.428125 0.03671875 0.06354166666666666
0 0.42578125 0.703125 0.03125 0.05520833333333333
0 0.4921875 0.4322916666666667 0.0296875 0.05520833333333333
0 0.55625 0.33645833333333336 0.03125 0.059375
0 0.3296875 0.8947916666666667 0.0328125 0.06354166666666666
0 0.65546875 0.6489583333333333 0.0359375 0.059375