0 0.59296875 0.7354166666666667 0.040625 0.041666666666666664
0 0.203125 0.5354166666666667 0.04375 0.0375
0 0.58515625 0.2125 0.040625 0.04583333333333333
0 0.396875 0.6 0.0375 0.03333333333333333
0 0.39296875 0.22083333333333333 0.040625 0.041666666666666664
0 0.20703125 0.47708333333333336 0.040625 0.0375
0 0.78828125 0.40208333333333335 0.04375 0.041666666666666664
0 0.79453125 0.5958333333333333 0.046875 0.041666666666666664
0 0.78828125 0.3333333333333333 0.046875 0.04375
0 0.396875 0.7395833333333334 0.040625 0.0375
0 0.20390625 0.353125 0.040625 0.03958333333333333
0 0.26484375 0.5375 0.040625 0.0375
0 0.2671875 0.4791666666666667 0.040625 0.0375
0 0.32734375 0.47708333333333336 0.040625 0.0375
0 0.52265625 0.6614583333333334 0.034375 0.035416666666666666
0 0.20390625 0.290625 0.040625 0.03958333333333333
0 0.52578125 0.6020833333333333 0.0375 0.035416666666666666
0 0.66484375 0.5375 0.040625 0.0375
0 0.71171875 0.534375 0.040625 0.0375
0 0.33125 0.7364583333333333 0.040625 0.041666666666666664
0 0.26328125 0.28958333333333336 0.040625 0.041666666666666664
0 0.45703125 0.47291666666666665 0.0375 0.0375
0 0.3921875 0.2864583333333333 0.040625 0.041666666666666664