0 0.3796875 0.75 0.3859375 0.7583333333333333 0.3875 0.7666666666666667 0.3859375 0.775 0.3765625 0.7875 0.3703125 0.7895833333333333 0.359375 0.7895833333333333 0.35 0.7833333333333333 0.346875 0.7770833333333333 0.346875 0.7645833333333333 0.353125 0.7541666666666667 0.3625 0.7479166666666667 0.3765625 0.7479166666666667 0.378125 0.75
0 0.2984375 0.4895833333333333 0.30625 0.49166666666666664 0.3171875 0.5020833333333333 0.3171875 0.5166666666666667 0.309375 0.525 0.2953125 0.5291666666666667 0.284375 0.5270833333333333 0.278125 0.5208333333333334 0.275 0.5145833333333333 0.275 0.5041666666666667 0.284375 0.49166666666666664 0.296875 0.4895833333333333
0 0.159375 0.20833333333333334 0.1734375 0.21666666666666667 0.1828125 0.22916666666666666 0.1828125 0.2375 0.1796875 0.24375 0.1703125 0.2520833333333333 0.153125 0.25 0.1421875 0.24375 0.1375 0.2375 0.1359375 0.22916666666666666 0.140625 0.21458333333333332 0.15 0.20833333333333334 0.1578125 0.20833333333333334
0 0.5765625 0.4979166666666667 0.5796875 0.5020833333333333 0.58125 0.5145833333333333 0.5734375 0.5270833333333333 0.565625 0.53125 0.55 0.5270833333333333 0.54375 0.51875 0.5421875 0.5125 0.54375 0.5041666666666667 0.5546875 0.49375 0.571875 0.49375 0.575 0.4979166666666667
0 0.8015625 0.18125 0.8078125 0.18333333333333332 0.8140625 0.18958333333333333 0.8171875 0.20208333333333334 0.8140625 0.2125 0.8078125 0.22083333333333333 0.7921875 0.22916666666666666 0.7796875 0.22708333333333333 0.771875 0.22083333333333333 0.76875 0.21458333333333332 0.76875 0.20208333333333334 0.778125 0.1875 0.784375 0.18333333333333332 0.8 0.18125
0 0.5921875 0.20208333333333334 0.6015625 0.2125 0.603125 0.22083333333333333 0.6015625 0.23125 0.5953125 0.24166666666666667 0.5828125 0.24791666666666667 0.5734375 0.24583333333333332 0.565625 0.23958333333333334 0.5609375 0.22916666666666666 0.5609375 0.21875 0.5625 0.2125 0.571875 0.20208333333333334 0.578125 0.2 0.590625 0.20208333333333334
0 0.1828125 0.5541666666666667 0.1890625 0.5604166666666667 0.1921875 0.5666666666666667 0.1921875 0.5729166666666666 0.1890625 0.58125 0.1765625 0.5895833333333333 0.1546875 0.5875 0.146875 0.5770833333333333 0.146875 0.5666666666666667 0.15 0.5604166666666667 0.159375 0.5541666666666667 0.165625 0.5520833333333334 0.18125 0.5541666666666667
0 0.18125 0.6895833333333333 0.1859375 0.6979166666666666 0.1859375 0.7104166666666667 0.1796875 0.71875 0.1671875 0.725 0.153125 0.725 0.15 0.7229166666666667 0.14375 0.7145833333333333 0.1421875 0.7083333333333334 0.14375 0.6979166666666666 0.153125 0.6895833333333333 0.165625 0.6854166666666667 0.1734375 0.6854166666666667 0.1796875 0.6895833333333333
0 0.31875 0.6875 0.3234375 0.6958333333333333 0.3234375 0.7041666666666667 0.3203125 0.7125 0.309375 0.7208333333333333 0.2984375 0.725 0.284375 0.71875 0.2796875 0.70625 0.28125 0.6979166666666666 0.284375 0.6916666666666667 0.296875 0.6833333333333333 0.3109375 0.6833333333333333 0.3171875 0.6875
0 0.6515625 0.49375 0.6609375 0.5083333333333333 0.6609375 0.5145833333333333 0.6578125 0.5208333333333334 0.646875 0.5291666666666667 0.6375 0.5291666666666667 0.625 0.5208333333333334 0.621875 0.5166666666666667 0.621875 0.50625 0.63125 0.49375 0.6375 0.49166666666666664 0.65 0.49375
0 0.571875 0.6229166666666667 0.5828125 0.6291666666666667 0.5875 0.6416666666666667 0.5859375 0.6520833333333333 0.5796875 0.6604166666666667 0.5734375 0.6625 0.559375 0.6604166666666667 0.55 0.65 0.55 0.6375 0.553125 0.63125 0.5609375 0.625 0.5703125 0.6229166666666667
0 0.79375 0.4895833333333333 0.8015625 0.49166666666666664 0.8140625 0.5020833333333333 0.8140625 0.51875 0.80625 0.5270833333333333 0.7953125 0.53125 0.7875 0.53125 0.778125 0.5270833333333333 0.7671875 0.5125 0.76875 0.5020833333333333 0.775 0.49375 0.7921875 0.4895833333333333
0 0.8078125 0.425 0.815625 0.43333333333333335 0.8171875 0.4479166666666667 0.8140625 0.45625 0.7984375 0.46458333333333335 0.7875 0.46458333333333335 0.775 0.45625 0.771875 0.45208333333333334 0.771875 0.4395833333333333 0.78125 0.4270833333333333 0.79375 0.42291666666666666 0.80625 0.425
0 0.70625 0.7708333333333334 0.7171875 0.775 0.7265625 0.7895833333333333 0.7265625 0.8041666666666667 0.7234375 0.8104166666666667 0.7140625 0.8166666666666667 0.7046875 0.8166666666666667 0.69375 0.8125 0.6875 0.8041666666666667 0.6875 0.7979166666666667 0.684375 0.7916666666666666 0.6859375 0.78125 0.6921875 0.7729166666666667 0.7046875 0.7708333333333334
0 0.371875 0.48541666666666666 0.3828125 0.49166666666666664 0.3875 0.5020833333333333 0.3859375 0.5125 0.38125 0.51875 0.3734375 0.5229166666666667 0.3546875 0.5208333333333334 0.346875 0.5125 0.3453125 0.50625 0.346875 0.49375 0.35 0.4895833333333333 0.359375 0.48541666666666666 0.3703125 0.48541666666666666
0 0.165625 0.48541666666666666 0.1671875 0.4875 0.1828125 0.4895833333333333 0.1890625 0.4979166666666667 0.1890625 0.5145833333333333 0.1828125 0.5208333333333334 0.1671875 0.525 0.15625 0.5229166666666667 0.15 0.51875 0.1453125 0.5083333333333333 0.146875 0.49583333333333335 0.15625 0.4875 0.1640625 0.4875
0 0.80625 0.24791666666666667 0.8171875 0.2625 0.8140625 0.2791666666666667 0.8078125 0.28541666666666665 0.7921875 0.29375 0.78125 0.29375 0.775 0.28958333333333336 0.76875 0.2791666666666667 0.76875 0.26458333333333334 0.7828125 0.25 0.8046875 0.24791666666666667
0 0.44375 0.3541666666666667 0.4515625 0.3645833333333333 0.453125 0.3770833333333333 0.4421875 0.39166666666666666 0.4203125 0.38958333333333334 0.415625 0.3854166666666667 0.4109375 0.3729166666666667 0.4125 0.3625 0.41875 0.3541666666666667 0.43125 0.35 0.4359375 0.35 0.4421875 0.3541666666666667
0 0.178125 0.6229166666666667 0.1890625 0.6333333333333333 0.1890625 0.6458333333333334 0.1859375 0.6520833333333333 0.171875 0.6604166666666667 0.1515625 0.6583333333333333 0.1453125 0.65 0.14375 0.6416666666666667 0.146875 0.6333333333333333 0.15625 0.625 0.1765625 0.6229166666666667
0 0.8046875 0.5708333333333333 0.815625 0.58125 0.8171875 0.5916666666666667 0.8140625 0.6 0.8015625 0.6083333333333333 0.790625 0.6083333333333333 0.78125 0.6041666666666666 0.771875 0.59375 0.7703125 0.5833333333333334 0.771875 0.5770833333333333 0.78125 0.56875 0.8015625 0.56875 0.803125 0.5708333333333333
0 0.578125 0.7708333333333334 0.5859375 0.7854166666666667 0.5859375 0.7979166666666667 0.5796875 0.8083333333333333 0.5671875 0.8125 0.5546875 0.8083333333333333 0.546875 0.8 0.546875 0.7791666666666667 0.55 0.7729166666666667 0.559375 0.7666666666666667 0.5703125 0.7666666666666667 0.5765625 0.7708333333333334
0 0.578125 0.3416666666666667 0.5890625 0.3541666666666667 0.5890625 0.36875 0.5828125 0.37916666666666665 0.5765625 0.38333333333333336 0.559375 0.38125 0.55 0.37083333333333335 0.5484375 0.3645833333333333 0.55 0.3541666666666667 0.553125 0.34791666666666665 0.5625 0.3416666666666667 0.5765625 0.3416666666666667
0 0.1859375 0.7520833333333333 0.190625 0.7625 0.1890625 0.7729166666666667 0.1859375 0.7791666666666667 0.1703125 0.7895833333333333 0.1625 0.7895833333333333 0.15 0.7833333333333333 0.146875 0.7770833333333333 0.146875 0.7625 0.153125 0.7541666666666667 0.1640625 0.7479166666666667 0.18125 0.7479166666666667 0.184375 0.7520833333333333
0 0.8125 0.3416666666666667 0.8203125 0.35625 0.8171875 0.36666666666666664 0.8109375 0.375 0.7953125 0.38125 0.7828125 0.37916666666666665 0.775 0.3729166666666667 0.771875 0.36875 0.771875 0.35625 0.778125 0.3458333333333333 0.7875 0.33958333333333335 0.8015625 0.3375 0.8109375 0.3416666666666667
0 0.6546875 0.26458333333333334 0.6609375 0.2708333333333333 0.6640625 0.2791666666666667 0.6640625 0.28541666666666665 0.6578125 0.3 0.64375 0.30833333333333335 0.6375 0.30833333333333335 0.628125 0.30416666666666664 0.625 0.3 0.621875 0.29375 0.621875 0.27708333333333335 0.625 0.2708333333333333 0.6375 0.2625 0.6515625 0.2625 0.653125 0.26458333333333334
0 0.1828125 0.4270833333333333 0.1890625 0.4354166666666667 0.1890625 0.4479166666666667 0.1859375 0.45416666666666666 0.1796875 0.4583333333333333 0.1546875 0.4583333333333333 0.15 0.45625 0.14375 0.44583333333333336 0.14375 0.43333333333333335 0.15 0.425 0.159375 0.42083333333333334 0.175 0.42291666666666666 0.18125 0.4270833333333333
0 0.7953125 0.69375 0.8046875 0.7 0.8109375 0.7145833333333333 0.8109375 0.7208333333333333 0.8078125 0.7270833333333333 0.8 0.7333333333333333 0.778125 0.73125 0.771875 0.7270833333333333 0.765625 0.71875 0.7640625 0.7125 0.765625 0.7 0.771875 0.69375 0.778125 0.6916666666666667 0.79375 0.69375
0 0.2875 0.2708333333333333 0.3046875 0.2791666666666667 0.3109375 0.2875 0.3125 0.29375 0.3109375 0.30416666666666664 0.30625 0.3104166666666667 0.2984375 0.3145833333333333 0.290625 0.3145833333333333 0.275 0.30833333333333335 0.26875 0.3 0.2671875 0.29375 0.26875 0.28125 0.278125 0.27291666666666664 0.2859375 0.2708333333333333
0 0.3 0.35 0.3078125 0.3541666666666667 0.3171875 0.36666666666666664 0.3171875 0.3770833333333333 0.3140625 0.38333333333333336 0.3046875 0.38958333333333334 0.284375 0.3875 0.278125 0.38333333333333336 0.271875 0.36875 0.278125 0.3541666666666667 0.284375 0.35 0.2984375 0.35
0 0.3515625 0.19791666666666666 0.359375 0.20208333333333334 0.3671875 0.2125 0.3703125 0.22083333333333333 0.3703125 0.22916666666666666 0.3671875 0.2375 0.3578125 0.24375 0.346875 0.24375 0.334375 0.23541666666666666 0.328125 0.22708333333333333 0.328125 0.21041666666666667 0.3375 0.2 0.35 0.19791666666666666
0 0.434375 0.625 0.4421875 0.6291666666666667 0.4484375 0.6375 0.4484375 0.6479166666666667 0.4421875 0.6604166666666667 0.4328125 0.6645833333333333 0.421875 0.6645833333333333 0.4140625 0.6604166666666667 0.409375 0.6541666666666667 0.409375 0.6375 0.415625 0.6291666666666667 0.4328125 0.625
0 0.771875 0.625 0.778125 0.6208333333333333 0.7953125 0.6208333333333333 0.8078125 0.6270833333333333 0.8140625 0.6375 0.8140625 0.65 0.8078125 0.6583333333333333 0.8015625 0.6625 0.7890625 0.6625 0.775 0.6541666666666667 0.76875 0.6458333333333334 0.7671875 0.6375 0.771875 0.6270833333333333