0 0.8125 0.396875 0.03125 0.05
0 0.821875 0.6427083333333333 0.028125 0.05
0 0.8671875 0.775 0.028125 0.05
0 0.7703125 0.5666666666666667 0.028125 0.05
0 0.59140625 0.9322916666666666 0.0265625 0.05
0 0.3359375 0.5302083333333333 0.034375 0.058333333333333334
0 0.58828125 0.21875 0.0296875 0.05416666666666667
0 0.5015625 0.9364583333333333 0.0265625 0.05416666666666667
0 0.7546875 0.9395833333333333 0.0265625 0.05
0 0.7734375 0.690625 0.028125 0.05
0 0.54375 0.9291666666666667 0.025 0.05416666666666667
0 0.509375 0.8635416666666667 0.0265625 0.05
0 0.571875 0.6427083333333333 0.028125 0.05416666666666667
0 0.778125 0.7552083333333334 0.028125 0.05
0 0.5109375 0.7822916666666667 0.028125 0.05416666666666667
0 0.5828125 0.4114583333333333 0.028125 0.05
0 0.7171875 0.959375 0.028125 0.05
0 0.528125 0.484375 0.028125 0.05
0 0.5 0.203125 0.028125 0.05416666666666667
0 0.5390625 0.390625 0.028125 0.05
0 0.53515625 0.31875 0.028125 0.05