0 0.7359375 0.40625 0.7421875 0.4166666666666667 0.74375 0.43333333333333335 0.7390625 0.45 0.73125 0.45625 0.71875 0.45416666666666666 0.7125 0.44583333333333336 0.7109375 0.44166666666666665 0.7109375 0.41875 0.7140625 0.41041666666666665 0.71875 0.40625 0.725 0.4041666666666667 0.734375 0.40625
0 0.6078125 0.07708333333333334 0.6140625 0.09166666666666666 0.6140625 0.10416666666666667 0.609375 0.12291666666666666 0.6015625 0.13333333333333333 0.596875 0.13541666666666666 0.5890625 0.13333333333333333 0.5859375 0.12916666666666668 0.5828125 0.12083333333333333 0.58125 0.10416666666666667 0.5859375 0.08541666666666667 0.5953125 0.07291666666666667 0.603125 0.07291666666666667 0.60625 0.07708333333333334
0 0.503125 0.64375 0.5078125 0.6395833333333333 0.515625 0.6395833333333333 0.5234375 0.6520833333333333 0.5265625 0.6645833333333333 0.5265625 0.675 0.5203125 0.6916666666666667 0.515625 0.6958333333333333 0.5046875 0.69375 0.4984375 0.6833333333333333 0.496875 0.675 0.496875 0.6604166666666667 0.503125 0.6458333333333334
0 0.8515625 0.5708333333333333 0.85625 0.5729166666666666 0.8609375 0.5875 0.859375 0.6041666666666666 0.8515625 0.6166666666666667 0.8421875 0.6166666666666667 0.8296875 0.6 0.83125 0.5770833333333333 0.8375 0.56875 0.8484375 0.56875 0.85 0.5708333333333333
0 0.640625 0.925 0.6484375 0.9333333333333333 0.6546875 0.95 0.653125 0.9708333333333333 0.64375 0.9833333333333333 0.6359375 0.9833333333333333 0.63125 0.9791666666666666 0.628125 0.9729166666666667 0.625 0.9541666666666667 0.6265625 0.9354166666666667 0.6328125 0.9270833333333334 0.6390625 0.925
0 0.30625 0.31666666666666665 0.315625 0.3229166666666667 0.3234375 0.33541666666666664 0.3234375 0.35833333333333334 0.3109375 0.375 0.3 0.375 0.2953125 0.37083333333333335 0.2875 0.35208333333333336 0.2890625 0.32916666666666666 0.29375 0.32083333333333336 0.3 0.31666666666666665 0.3046875 0.31666666666666665
0 0.6359375 0.11354166666666667 0.034375 0.0625
0 0.5390625 0.275 0.54375 0.27708333333333335 0.5515625 0.2916666666666667 0.5515625 0.30833333333333335 0.546875 0.32083333333333336 0.540625 0.32916666666666666 0.534375 0.32916666666666666 0.528125 0.325 0.525 0.32083333333333336 0.521875 0.30833333333333335 0.521875 0.29791666666666666 0.525 0.28541666666666665 0.53125 0.27708333333333335 0.5375 0.275
0 0.63125 0.38333333333333336 0.6375 0.38958333333333334 0.6421875 0.4083333333333333 0.640625 0.41875 0.63125 0.43333333333333335 0.621875 0.43333333333333335 0.6171875 0.42916666666666664 0.6140625 0.425 0.6109375 0.4125 0.6109375 0.40208333333333335 0.6140625 0.38958333333333334 0.6265625 0.38125 0.6296875 0.38333333333333336
0 0.6921875 0.1 0.7 0.10833333333333334 0.7015625 0.13333333333333333 0.7 0.14166666666666666 0.6859375 0.15833333333333333 0.678125 0.15833333333333333 0.6734375 0.15416666666666667 0.66875 0.13541666666666666 0.675 0.10833333333333334 0.6796875 0.10208333333333333 0.690625 0.1
0 0.6 0.9125 0.60625 0.9145833333333333 0.6140625 0.9270833333333334 0.6171875 0.9395833333333333 0.615625 0.9625 0.6078125 0.9708333333333333 0.596875 0.9708333333333333 0.590625 0.9604166666666667 0.5875 0.9458333333333333 0.5875 0.9270833333333334 0.590625 0.91875 0.5984375 0.9145833333333333
0 0.709375 0.6604166666666667 0.7140625 0.6645833333333333 0.71875 0.6770833333333334 0.7171875 0.6958333333333333 0.7140625 0.7041666666666667 0.709375 0.7083333333333334 0.6984375 0.7083333333333334 0.6890625 0.6958333333333333 0.6875 0.6895833333333333 0.6890625 0.6645833333333333 0.696875 0.65625 0.7046875 0.65625 0.7078125 0.6604166666666667
0 0.475 0.5458333333333333 0.48125 0.5520833333333334 0.4828125 0.5791666666666667 0.4796875 0.5875 0.4734375 0.59375 0.4609375 0.5916666666666667 0.4546875 0.5770833333333333 0.45625 0.5520833333333334 0.4671875 0.54375 0.4734375 0.5458333333333333
0 0.6265625 0.5729166666666666 0.6328125 0.5833333333333334 0.634375 0.5958333333333333 0.628125 0.6166666666666667 0.6234375 0.6208333333333333 0.6140625 0.6208333333333333 0.60625 0.6104166666666667 0.603125 0.5958333333333333 0.603125 0.5854166666666667 0.60625 0.5770833333333333 0.615625 0.5666666666666667 0.621875 0.56875 0.625 0.5729166666666666
0 0.7984375 0.6229166666666667 0.80625 0.6270833333333333 0.8109375 0.6354166666666666 0.8109375 0.6583333333333333 0.8078125 0.6666666666666666 0.8 0.6729166666666667 0.7921875 0.6708333333333333 0.784375 0.6625 0.78125 0.6541666666666667 0.78125 0.6354166666666666 0.784375 0.6270833333333333 0.7890625 0.6229166666666667 0.796875 0.6229166666666667
0 0.29375 0.5375 0.303125 0.54375 0.3078125 0.55625 0.3078125 0.5666666666666667 0.3046875 0.5729166666666666 0.303125 0.5833333333333334 0.2921875 0.5958333333333333 0.2828125 0.5958333333333333 0.271875 0.58125 0.2703125 0.5645833333333333 0.275 0.5479166666666667 0.2828125 0.5395833333333333 0.2921875 0.5395833333333333
0 0.41875 0.25625 0.428125 0.25625 0.4328125 0.2604166666666667 0.440625 0.27708333333333335 0.440625 0.28958333333333336 0.4375 0.3020833333333333 0.434375 0.30833333333333335 0.428125 0.3125 0.4234375 0.3125 0.4125 0.3 0.409375 0.2833333333333333 0.4109375 0.28125 0.4109375 0.2708333333333333 0.415625 0.2604166666666667 0.41875 0.25833333333333336
0 0.515625 0.7354166666666667 0.521875 0.74375 0.5265625 0.7604166666666666 0.5265625 0.775 0.5171875 0.7916666666666666 0.5046875 0.7916666666666666 0.5015625 0.7875 0.496875 0.7708333333333334 0.496875 0.7520833333333333 0.5 0.74375 0.50625 0.7354166666666667 0.5140625 0.7354166666666667
0 0.496875 0.052083333333333336 0.503125 0.06041666666666667 0.50625 0.07083333333333333 0.50625 0.09375 0.5 0.10833333333333334 0.4921875 0.11458333333333333 0.48125 0.10833333333333334 0.4765625 0.09583333333333334 0.4765625 0.07708333333333334 0.48125 0.05625 0.484375 0.052083333333333336 0.4953125 0.052083333333333336
0 0.5515625 0.9104166666666667 0.5609375 0.9333333333333333 0.5609375 0.9520833333333333 0.5578125 0.9604166666666667 0.553125 0.9666666666666667 0.5484375 0.96875 0.5421875 0.96875 0.5359375 0.9625 0.5328125 0.9520833333333333 0.53125 0.93125 0.5359375 0.9145833333333333 0.54375 0.9083333333333333 0.55 0.9104166666666667
0 0.490625 0.91875 0.5015625 0.91875 0.50625 0.925 0.509375 0.9333333333333333 0.5125 0.9541666666666667 0.509375 0.96875 0.503125 0.9791666666666666 0.490625 0.9791666666666666 0.4859375 0.9729166666666667 0.4828125 0.9625 0.4828125 0.9395833333333333 0.4875 0.9229166666666667 0.490625 0.9208333333333333
0 0.5484375 0.06666666666666667 0.5546875 0.07708333333333334 0.5578125 0.10208333333333333 0.55 0.12083333333333333 0.54375 0.12708333333333333 0.5375 0.12708333333333333 0.5296875 0.11875 0.5265625 0.11041666666666666 0.5265625 0.08541666666666667 0.5328125 0.06875 0.5375 0.06458333333333334 0.5453125 0.06458333333333334 0.546875 0.06666666666666667
0 0.4578125 0.9166666666666666 0.465625 0.9270833333333334 0.46875 0.9541666666666667 0.4640625 0.9708333333333333 0.45625 0.9770833333333333 0.4453125 0.975 0.440625 0.96875 0.4390625 0.9625 0.4390625 0.9354166666666667 0.44375 0.9229166666666667 0.4484375 0.9166666666666666 0.45625 0.9166666666666666