0 0.59296875 0.26458333333333334 0.040625 0.041666666666666664
0 0.79140625 0.5333333333333333 0.04375 0.041666666666666664
0 0.7890625 0.6666666666666666 0.04375 0.041666666666666664
0 0.52109375 0.65625 0.0375 0.03958333333333333
0 0.20390625 0.46458333333333335 0.04375 0.0375
0 0.79453125 0.4739583333333333 0.04375 0.03958333333333333
0 0.20703125 0.5229166666666667 0.04375 0.0375
0 0.80078125 0.3375 0.046875 0.041666666666666664
0 0.39453125 0.65625 0.0375 0.03958333333333333
0 0.58515625 0.7885416666666667 0.040625 0.04375
0 0.39296875 0.7791666666666667 0.040625 0.041666666666666664
0 0.39453125 0.525 0.040625 0.0375
0 0.20390625 0.646875 0.040625 0.03958333333333333
0 0.396875 0.4 0.0375 0.0375
0 0.52578125 0.39791666666666664 0.0375 0.035416666666666666
0 0.7921875 0.7322916666666667 0.04375 0.041666666666666664
0 0.58984375 0.5291666666666667 0.040625 0.0375
0 0.39609375 0.2604166666666667 0.040625 0.03958333333333333
0 0.2046875 0.709375 0.040625 0.03958333333333333
0 0.32734375 0.5229166666666667 0.040625 0.0375
0 0.26484375 0.2635416666666667 0.040625 0.041666666666666664
0 0.7953125 0.4041666666666667 0.04375 0.0375
0 0.66171875 0.40208333333333335 0.040625 0.0375
0 0.2671875 0.5208333333333334 0.0375 0.0375
0 0.33125 0.2635416666666667 0.04375 0.041666666666666664
0 0.45703125 0.5270833333333333 0.0375 0.0375
0 0.78984375 0.5979166666666667 0.04375 0.0375
0 0.26484375 0.7104166666666667 0.040625 0.041666666666666664
0 0.71796875 0.6 0.04375 0.041666666666666664