0 0.3171875 0.36666666666666664 0.3234375 0.37083333333333335 0.33125 0.3854166666666667 0.328125 0.3958333333333333 0.3171875 0.40208333333333335 0.3 0.4 0.2921875 0.39166666666666666 0.2890625 0.38333333333333336 0.2921875 0.3729166666666667 0.2984375 0.36666666666666664 0.3046875 0.3645833333333333 0.315625 0.36666666666666664
0 0.44375 0.4375 0.453125 0.4479166666666667 0.453125 0.46041666666666664 0.45 0.4666666666666667 0.440625 0.47291666666666665 0.4328125 0.47291666666666665 0.4234375 0.46875 0.4171875 0.46041666666666664 0.4171875 0.44583333333333336 0.4234375 0.4375 0.4296875 0.4354166666666667 0.4421875 0.4375
0 0.78125 0.5666666666666667 0.790625 0.5729166666666666 0.7953125 0.58125 0.79375 0.5958333333333333 0.784375 0.6041666666666666 0.7671875 0.6041666666666666 0.7578125 0.5979166666666667 0.753125 0.5895833333333333 0.753125 0.5791666666666667 0.759375 0.56875 0.7703125 0.5645833333333333 0.7796875 0.5666666666666667
0 0.36875 0.98125 0.378125 0.9916666666666667 0.3765625 0.9979166666666667 0.3421875 0.9979166666666667 0.353125 0.98125 0.359375 0.9791666666666666 0.3671875 0.98125
0 0.284375 0.8145833333333333 0.290625 0.8208333333333333 0.290625 0.8333333333333334 0.28125 0.8458333333333333 0.2765625 0.8479166666666667 0.2671875 0.8479166666666667 0.2609375 0.84375 0.2546875 0.8333333333333334 0.2546875 0.8291666666666667 0.265625 0.8145833333333333 0.2703125 0.8125 0.28125 0.8125 0.2828125 0.8145833333333333
0 0.4703125 0.9083333333333333 0.475 0.9145833333333333 0.4765625 0.925 0.471875 0.9395833333333333 0.465625 0.94375 0.4546875 0.94375 0.4453125 0.9375 0.4421875 0.93125 0.4421875 0.9208333333333333 0.453125 0.90625 0.4671875 0.90625 0.46875 0.9083333333333333
0 0.1265625 0.76875 0.134375 0.7666666666666667 0.14375 0.76875 0.15 0.7770833333333333 0.1515625 0.7833333333333333 0.15 0.7895833333333333 0.14375 0.7958333333333333 0.134375 0.8020833333333334 0.128125 0.8020833333333334 0.1265625 0.8 0.1265625 0.7708333333333334
0 0.3203125 0.4895833333333333 0.33125 0.5 0.33125 0.5104166666666666 0.3234375 0.5208333333333334 0.3109375 0.525 0.2953125 0.51875 0.2921875 0.5125 0.2921875 0.4979166666666667 0.3015625 0.4895833333333333 0.31875 0.4895833333333333
0 0.425 0.8479166666666667 0.4265625 0.8520833333333333 0.425 0.8666666666666667 0.421875 0.8729166666666667 0.4125 0.8791666666666667 0.3953125 0.8729166666666667 0.3921875 0.8666666666666667 0.3921875 0.85625 0.3984375 0.8458333333333333 0.4046875 0.8416666666666667 0.415625 0.8416666666666667 0.4234375 0.8479166666666667
0 0.6578125 0.8770833333333333 0.6625 0.8791666666666667 0.66875 0.8875 0.6703125 0.8958333333333334 0.66875 0.9083333333333333 0.6625 0.9145833333333333 0.640625 0.9125 0.6359375 0.9083333333333333 0.6328125 0.9 0.6359375 0.8833333333333333 0.6390625 0.8791666666666667 0.6421875 0.8770833333333333 0.65625 0.8770833333333333
0 0.203125 0.7916666666666666 0.209375 0.7958333333333333 0.2140625 0.8020833333333334 0.215625 0.8083333333333333 0.20625 0.8229166666666666 0.196875 0.8270833333333333 0.184375 0.8229166666666666 0.1796875 0.8166666666666667 0.178125 0.80625 0.1796875 0.8020833333333334 0.19375 0.7916666666666666 0.2015625 0.7916666666666666
0 0.5234375 0.8333333333333334 0.53125 0.8416666666666667 0.5328125 0.8520833333333333 0.53125 0.8625 0.5203125 0.8708333333333333 0.5109375 0.8708333333333333 0.503125 0.8666666666666667 0.4984375 0.8604166666666667 0.4984375 0.8458333333333333 0.5078125 0.8333333333333334 0.521875 0.8333333333333334
0 0.23125 0.8458333333333333 0.234375 0.8520833333333333 0.234375 0.8583333333333333 0.228125 0.86875 0.2203125 0.875 0.2109375 0.875 0.203125 0.8708333333333333 0.1984375 0.8645833333333334 0.1984375 0.8541666666666666 0.2046875 0.8458333333333333 0.2140625 0.8395833333333333 0.221875 0.8395833333333333 0.2296875 0.8458333333333333
0 0.1265625 0.6104166666666667 0.1265625 0.5770833333333333 0.140625 0.5791666666666667 0.146875 0.5875 0.146875 0.6 0.14375 0.6041666666666666 0.128125 0.6104166666666667
0 0.784375 0.44375 0.79375 0.45625 0.79375 0.4666666666666667 0.7875 0.475 0.778125 0.48125 0.7609375 0.4791666666666667 0.7546875 0.475 0.7515625 0.46875 0.75 0.4583333333333333 0.7578125 0.44583333333333336 0.7734375 0.44166666666666665 0.7828125 0.44375
0 0.3828125 0.8770833333333333 0.3890625 0.8729166666666667 0.39375 0.8729166666666667 0.4109375 0.88125 0.4125 0.8854166666666666 0.409375 0.8979166666666667 0.4015625 0.9083333333333333 0.3859375 0.9083333333333333 0.3765625 0.8979166666666667 0.3765625 0.8875 0.3828125 0.8791666666666667
0 0.71875 0.5041666666666667 0.725 0.5104166666666666 0.728125 0.51875 0.728125 0.5291666666666667 0.715625 0.5395833333333333 0.7015625 0.5395833333333333 0.6921875 0.5333333333333333 0.6890625 0.5270833333333333 0.6890625 0.5125 0.7015625 0.5020833333333333 0.7171875 0.5041666666666667
0 0.2703125 0.5 0.275 0.5083333333333333 0.275 0.51875 0.2703125 0.525 0.2625 0.5291666666666667 0.2453125 0.5291666666666667 0.2390625 0.525 0.2359375 0.51875 0.2359375 0.5041666666666667 0.2453125 0.49583333333333335 0.2625 0.49583333333333335 0.26875 0.5
0 0.2015625 0.5479166666666667 0.2140625 0.55625 0.215625 0.5708333333333333 0.20625 0.5791666666666667 0.19375 0.5833333333333334 0.184375 0.58125 0.1765625 0.5729166666666666 0.1765625 0.55625 0.1859375 0.55 0.2 0.5479166666666667
0 0.365625 0.85625 0.371875 0.8625 0.371875 0.875 0.365625 0.8875 0.3546875 0.8916666666666667 0.353125 0.8895833333333333 0.3453125 0.8895833333333333 0.3390625 0.8833333333333333 0.3375 0.8708333333333333 0.3453125 0.8583333333333333 0.3515625 0.8541666666666666 0.3625 0.8541666666666666 0.3640625 0.85625