0 0.4046875 0.203125 0.0265625 0.05
0 0.6421875 0.32708333333333334 0.028125 0.04583333333333333
0 0.66875 0.378125 0.0265625 0.04583333333333333
0 0.58828125 0.22291666666666668 0.0265625 0.05
0 0.61328125 0.2708333333333333 0.0265625 0.04583333333333333
0 0.57734375 0.5364583333333334 0.0265625 0.04583333333333333
0 0.5140625 0.43020833333333336 0.025 0.04583333333333333
0 0.45859375 0.21145833333333333 0.0265625 0.05
0 0.5625 0.16354166666666667 0.0265625 0.05
0 0.46171875 0.32083333333333336 0.025 0.04583333333333333
0 0.63671875 0.540625 0.0265625 0.041666666666666664
0 0.5265625 0.10520833333333333 0.028125 0.05416666666666667
0 0.6984375 0.4427083333333333 0.028125 0.04583333333333333
0 0.4296875 0.9052083333333333 0.025 0.05
0 0.725 0.48854166666666665 0.028125 0.04583333333333333
0 0.634375 0.6260416666666667 0.0265625 0.04583333333333333
0 0.3328125 0.7447916666666666 0.0265625 0.04583333333333333
0 0.365625 0.8020833333333334 0.025 0.05
0 0.5421875 0.8052083333333333 0.025 0.05
0 0.3015625 0.4895833333333333 0.028125 0.05
0 0.27265625 0.6322916666666667 0.028125 0.04583333333333333
0 0.3734375 0.49166666666666664 0.0265625 0.04583333333333333
0 0.48671875 0.8020833333333334 0.025 0.05
0 0.3046875 0.6947916666666667 0.028125 0.04583333333333333
0 0.4875 0.6947916666666667 0.025 0.04583333333333333
0 0.30234375 0.38229166666666664 0.028125 0.04583333333333333
0 0.4296875 0.5927083333333333 0.025 0.04583333333333333
0 0.45625 0.95 0.025 0.05
0 0.2390625 0.5833333333333334 0.028125 0.04583333333333333
0 0.39765625 0.8510416666666667 0.025 0.05
0 0.20625 0.5260416666666666 0.03125 0.05
0 0.4953125 0.04479166666666667 0.028125 0.05416666666666667