0 0.440625 0.171875 0.028125 0.058333333333333334
0 0.43671875 0.09166666666666666 0.0296875 0.05416666666666667
0 0.63359375 0.6010416666666667 0.0296875 0.05
0 0.4828125 0.08645833333333333 0.0296875 0.058333333333333334
0 0.63203125 0.2604166666666667 0.0296875 0.05416666666666667
0 0.234375 0.6104166666666667 0.034375 0.058333333333333334
0 0.534375 0.8708333333333333 0.03125 0.058333333333333334
0 0.634375 0.3458333333333333 0.028125 0.05416666666666667
0 0.53359375 0.346875 0.0265625 0.05
0 0.5796875 0.5125 0.025 0.04583333333333333
0 0.2390625 0.34270833333333334 0.0328125 0.05416666666666667
0 0.490625 0.7010416666666667 0.028125 0.05416666666666667
0 0.53671875 0.51875 0.0265625 0.05
0 0.4390625 0.7864583333333334 0.028125 0.05416666666666667
0 0.29140625 0.16458333333333333 0.03125 0.058333333333333334
0 0.440625 0.25416666666666665 0.028125 0.05416666666666667
0 0.334375 0.8822916666666667 0.034375 0.0625
0 0.4375 0.6947916666666667 0.0296875 0.05416666666666667
0 0.3390625 0.07916666666666666 0.03125 0.058333333333333334
0 0.4875 0.765625 0.0296875 0.05416666666666667
0 0.434375 0.4239583333333333 0.028125 0.05416666666666667