0 0.6609375 0.2791666666666667 0.6703125 0.28958333333333336 0.6734375 0.3 0.6734375 0.3104166666666667 0.66875 0.32708333333333334 0.6625 0.33541666666666664 0.6546875 0.33958333333333335 0.65 0.33958333333333335 0.646875 0.33541666666666664 0.64375 0.33541666666666664 0.6390625 0.31875 0.6390625 0.30833333333333335 0.6421875 0.29583333333333334 0.6484375 0.2833333333333333 0.6546875 0.2791666666666667 0.659375 0.2791666666666667
0 0.2390625 0.18333333333333332 0.246875 0.2 0.246875 0.22083333333333333 0.2453125 0.22708333333333333 0.2390625 0.23541666666666666 0.228125 0.23541666666666666 0.2140625 0.21666666666666667 0.2140625 0.19166666666666668 0.215625 0.1875 0.221875 0.17916666666666667 0.228125 0.17708333333333334 0.234375 0.17916666666666667 0.2375 0.18333333333333332
0 0.4421875 0.2916666666666667 0.4484375 0.29583333333333334 0.453125 0.30833333333333335 0.453125 0.33541666666666664 0.4421875 0.35 0.4359375 0.35 0.4296875 0.34375 0.4234375 0.3229166666666667 0.4234375 0.3145833333333333 0.4296875 0.29583333333333334 0.4359375 0.2916666666666667 0.440625 0.2916666666666667
0 0.6515625 0.9604166666666667 0.64375 0.94375 0.640625 0.93125 0.640625 0.9166666666666666 0.64375 0.9041666666666667 0.653125 0.89375 0.6625 0.8958333333333334 0.6734375 0.9125 0.6765625 0.925 0.6765625 0.94375 0.671875 0.95625 0.6609375 0.9645833333333333 0.653125 0.9604166666666667
0 0.0734375 0.3875 0.084375 0.3958333333333333 0.090625 0.41041666666666665 0.090625 0.42083333333333334 0.0859375 0.4354166666666667 0.075 0.44375 0.059375 0.4354166666666667 0.0546875 0.42291666666666666 0.0546875 0.41041666666666665 0.059375 0.3958333333333333 0.0640625 0.38958333333333334 0.071875 0.3875
0 0.3265625 0.23125 0.321875 0.21875 0.3203125 0.2 0.325 0.1875 0.3328125 0.18125 0.3421875 0.18333333333333332 0.3484375 0.19375 0.3515625 0.20416666666666666 0.3515625 0.22708333333333333 0.3421875 0.23958333333333334 0.334375 0.23958333333333334 0.328125 0.23125
0 0.3046875 0.004166666666666667 0.309375 0.010416666666666666 0.315625 0.03333333333333333 0.3140625 0.052083333333333336 0.3046875 0.0625 0.2984375 0.0625 0.2890625 0.052083333333333336 0.2828125 0.03125 0.2828125 0.020833333333333332 0.2875 0.008333333333333333 0.2921875 0.004166666666666667 0.303125 0.004166666666666667
0 0.653125 0.6 0.6640625 0.6125 0.6671875 0.6291666666666667 0.665625 0.64375 0.6625 0.6520833333333333 0.653125 0.6583333333333333 0.6421875 0.65625 0.6375 0.6520833333333333 0.63125 0.6354166666666666 0.63125 0.625 0.634375 0.6125 0.640625 0.6041666666666666 0.646875 0.6 0.6515625 0.6
0 0.43125 0.19583333333333333 0.440625 0.19583333333333333 0.4453125 0.2 0.45 0.21041666666666667 0.453125 0.22708333333333333 0.453125 0.23333333333333334 0.4484375 0.24791666666666667 0.4390625 0.25625 0.43125 0.2520833333333333 0.425 0.24166666666666667 0.421875 0.22708333333333333 0.4234375 0.20833333333333334 0.43125 0.19791666666666666
0 0.4109375 0.8875 0.415625 0.8833333333333333 0.4234375 0.8833333333333333 0.4296875 0.8895833333333333 0.434375 0.9083333333333333 0.4328125 0.9270833333333334 0.4234375 0.9479166666666666 0.409375 0.9479166666666666 0.403125 0.9375 0.4015625 0.9083333333333333 0.4109375 0.8895833333333333
0 0.4734375 0.8895833333333333 0.48125 0.8958333333333334 0.4859375 0.9104166666666667 0.484375 0.9395833333333333 0.48125 0.9479166666666666 0.4734375 0.9541666666666667 0.4640625 0.9520833333333333 0.4578125 0.94375 0.4546875 0.9291666666666667 0.4546875 0.9125 0.4609375 0.8958333333333334 0.4671875 0.8895833333333333 0.471875 0.8895833333333333
0 0.24375 0.93125 0.2390625 0.91875 0.2390625 0.8958333333333334 0.24375 0.8833333333333333 0.25625 0.8708333333333333 0.2671875 0.8708333333333333 0.2734375 0.8791666666666667 0.275 0.90625 0.26875 0.9229166666666667 0.2578125 0.9354166666666667 0.2484375 0.9354166666666667 0.2453125 0.93125
0 0.3234375 0.56875 0.3359375 0.5791666666666667 0.3390625 0.5916666666666667 0.3359375 0.6125 0.33125 0.61875 0.3234375 0.6229166666666667 0.315625 0.6229166666666667 0.3109375 0.61875 0.3046875 0.6041666666666666 0.3046875 0.5895833333333333 0.3078125 0.58125 0.3109375 0.575 0.321875 0.56875
0 0.4859375 0.025 0.490625 0.022916666666666665 0.5 0.025 0.50625 0.035416666666666666 0.5078125 0.04375 0.50625 0.07083333333333333 0.5015625 0.08125 0.496875 0.08541666666666667 0.490625 0.08541666666666667 0.484375 0.08125 0.4796875 0.06666666666666667 0.478125 0.04583333333333333 0.4828125 0.029166666666666667 0.4859375 0.027083333333333334
0 0.39375 0.11666666666666667 0.4015625 0.125 0.40625 0.14166666666666666 0.40625 0.16041666666666668 0.4015625 0.17291666666666666 0.396875 0.17708333333333334 0.3890625 0.17708333333333334 0.384375 0.17291666666666666 0.3796875 0.16458333333333333 0.3765625 0.15208333333333332 0.3765625 0.13333333333333333 0.3796875 0.125 0.3828125 0.12083333333333333 0.3921875 0.11666666666666667
0 0.2375 0.2833333333333333 0.246875 0.29583333333333334 0.25 0.30625 0.2484375 0.32916666666666666 0.240625 0.33958333333333335 0.23125 0.33958333333333335 0.2265625 0.33541666666666664 0.2171875 0.3229166666666667 0.215625 0.31666666666666665 0.215625 0.30625 0.2203125 0.2916666666666667 0.228125 0.2833333333333333 0.2359375 0.2833333333333333
0 0.2140625 0.5604166666666667 0.21875 0.5625 0.2234375 0.56875 0.2265625 0.5791666666666667 0.2265625 0.5895833333333333 0.221875 0.6041666666666666 0.2171875 0.6104166666666667 0.209375 0.6145833333333334 0.1953125 0.6104166666666667 0.1921875 0.60625 0.1890625 0.5979166666666667 0.1890625 0.5791666666666667 0.196875 0.5625 0.203125 0.5583333333333333 0.2109375 0.5583333333333333 0.2125 0.5604166666666667
0 0.55625 0.20416666666666666 0.5640625 0.21875 0.5640625 0.2375 0.5578125 0.25625 0.55 0.2625 0.5421875 0.2604166666666667 0.5359375 0.2520833333333333 0.534375 0.24583333333333332 0.534375 0.21875 0.5359375 0.2125 0.5421875 0.20416666666666666 0.5453125 0.20208333333333334 0.553125 0.20208333333333334 0.5546875 0.20416666666666666
0 0.4765625 0.3958333333333333 0.48125 0.39375 0.4921875 0.3958333333333333 0.4953125 0.4 0.5 0.4166666666666667 0.4984375 0.4354166666666667 0.4953125 0.44166666666666665 0.490625 0.4479166666666667 0.4796875 0.4479166666666667 0.4734375 0.44166666666666665 0.4703125 0.43333333333333335 0.4703125 0.4083333333333333 0.4734375 0.4 0.4765625 0.39791666666666664
0 0.3984375 0.022916666666666665 0.403125 0.029166666666666667 0.4078125 0.04375 0.4078125 0.06875 0.4046875 0.07708333333333334 0.396875 0.08333333333333333 0.3890625 0.08125 0.3859375 0.07708333333333334 0.378125 0.05416666666666667 0.378125 0.03958333333333333 0.384375 0.025 0.390625 0.020833333333333332 0.396875 0.022916666666666665
0 0.6125 0.89375 0.61875 0.9 0.625 0.9208333333333333 0.6234375 0.9458333333333333 0.615625 0.9604166666666667 0.603125 0.9604166666666667 0.5984375 0.95625 0.59375 0.9458333333333333 0.5890625 0.9208333333333333 0.590625 0.91875 0.590625 0.9083333333333333 0.596875 0.8958333333333334 0.6015625 0.8916666666666667 0.609375 0.8916666666666667 0.6109375 0.89375
0 0.340625 0.046875 0.03203125 0.0625
0 0.44375 0.4708333333333333 0.4515625 0.48333333333333334 0.453125 0.50625 0.45 0.5166666666666667 0.4421875 0.5229166666666667 0.4328125 0.5229166666666667 0.4234375 0.5104166666666666 0.421875 0.5041666666666667 0.421875 0.49375 0.425 0.4791666666666667 0.43125 0.4708333333333333 0.4421875 0.4708333333333333
0 0.5375 0.8916666666666667 0.546875 0.9 0.553125 0.91875 0.5515625 0.9479166666666666 0.54375 0.9604166666666667 0.53125 0.9604166666666667 0.521875 0.94375 0.5203125 0.9354166666666667 0.521875 0.9104166666666667 0.525 0.9020833333333333 0.53125 0.89375 0.5359375 0.8916666666666667
0 0.4453125 0.020833333333333332 0.4546875 0.029166666666666667 0.4578125 0.03958333333333333 0.4578125 0.06875 0.4546875 0.07708333333333334 0.446875 0.08333333333333333 0.4390625 0.08125 0.4328125 0.07291666666666667 0.4296875 0.05625 0.4296875 0.0375 0.4328125 0.029166666666666667 0.44375 0.020833333333333332
0 0.303125 0.8875 0.3125 0.8791666666666667 0.3234375 0.8791666666666667 0.33125 0.8916666666666667 0.33125 0.9104166666666667 0.325 0.9354166666666667 0.3140625 0.94375 0.30625 0.94375 0.3015625 0.9395833333333333 0.296875 0.9291666666666667 0.296875 0.9041666666666667 0.303125 0.8895833333333333
0 0.33125 0.3729166666666667 0.3375 0.37916666666666665 0.34375 0.39791666666666664 0.3421875 0.41458333333333336 0.334375 0.4270833333333333 0.3234375 0.4270833333333333 0.3171875 0.42291666666666666 0.3109375 0.4083333333333333 0.3125 0.38333333333333336 0.321875 0.3729166666666667 0.3296875 0.3729166666666667
0 0.3640625 0.8833333333333333 0.3734375 0.9 0.3734375 0.9208333333333333 0.365625 0.94375 0.35625 0.9520833333333333 0.346875 0.9479166666666666 0.340625 0.9375 0.3390625 0.9145833333333333 0.34375 0.8958333333333334 0.3546875 0.8833333333333333 0.3625 0.8833333333333333