0 0.79609375 0.46458333333333335 0.040625 0.0375
0 0.66796875 0.2635416666666667 0.04375 0.041666666666666664
0 0.60234375 0.259375 0.040625 0.03958333333333333
0 0.79453125 0.6479166666666667 0.040625 0.03958333333333333
0 0.79375 0.5229166666666667 0.040625 0.0375
0 0.60234375 0.39895833333333336 0.0375 0.035416666666666666
0 0.7328125 0.5197916666666667 0.040625 0.0375
0 0.4140625 0.7895833333333333 0.04375 0.041666666666666664
0 0.67265625 0.5229166666666667 0.040625 0.0375
0 0.73046875 0.46041666666666664 0.040625 0.0375
0 0.60703125 0.7791666666666667 0.040625 0.041666666666666664
0 0.79453125 0.7083333333333334 0.040625 0.041666666666666664
0 0.48046875 0.5895833333333333 0.0375 0.03958333333333333
0 0.478125 0.71875 0.040625 0.041666666666666664
0 0.3484375 0.5927083333333333 0.04375 0.03958333333333333
0 0.40703125 0.26458333333333334 0.040625 0.041666666666666664
0 0.54140625 0.5260416666666666 0.0375 0.035416666666666666
0 0.73671875 0.709375 0.040625 0.03958333333333333
0 0.21015625 0.5979166666666667 0.04375 0.041666666666666664
0 0.4734375 0.39791666666666664 0.0375 0.035416666666666666
0 0.47890625 0.33229166666666665 0.0375 0.03958333333333333
0 0.20390625 0.40520833333333334 0.04375 0.03958333333333333
0 0.20859375 0.6666666666666666 0.04375 0.041666666666666664
0 0.203125 0.46875 0.04375 0.03958333333333333
0 0.27421875 0.46875 0.04375 0.0375
0 0.27578125 0.5333333333333333 0.040625 0.035416666666666666