0 0.5140625 0.034375 0.028125 0.058333333333333334
0 0.4765625 0.103125 0.028125 0.05
0 0.475 0.17708333333333334 0.028125 0.05416666666666667
0 0.46953125 0.026041666666666668 0.0265625 0.05
0 0.5484375 0.5791666666666667 0.028125 0.05
0 0.7 0.015625 0.0265625 0.029166666666666667
0 0.54921875 0.6677083333333333 0.0296875 0.05416666666666667
0 0.8546875 0.2 0.0296875 0.05
0 0.73828125 0.025 0.0265625 0.05
0 0.50234375 0.6 0.028125 0.05
0 0.759375 0.22291666666666668 0.028125 0.05
0 0.7875 0.5947916666666667 0.03125 0.05416666666666667
0 0.2859375 0.3614583333333333 0.0328125 0.058333333333333334
0 0.75234375 0.28854166666666664 0.0296875 0.05416666666666667
0 0.74765625 0.4197916666666667 0.0296875 0.05
0 0.71953125 0.10208333333333333 0.0296875 0.05416666666666667
0 0.51015625 0.7677083333333333 0.0296875 0.05416666666666667
0 0.8015625 0.33645833333333336 0.028125 0.05
0 0.44140625 0.34479166666666666 0.028125 0.05