0 0.590625 0.21875 0.5984375 0.22916666666666666 0.6 0.24583333333333332 0.5953125 0.2625 0.584375 0.27291666666666664 0.5765625 0.26875 0.5734375 0.2625 0.571875 0.2375 0.5796875 0.22083333333333333 0.5859375 0.21666666666666667 0.5890625 0.21875
0 0.5328125 0.4114583333333333 0.02890625 0.051041666666666666
0 0.428125 0.8375 0.43125 0.8354166666666667 0.4421875 0.8375 0.446875 0.84375 0.45 0.8583333333333333 0.4484375 0.8729166666666667 0.44375 0.8854166666666666 0.4375 0.8916666666666667 0.4265625 0.8895833333333333 0.4203125 0.8770833333333333 0.4203125 0.8541666666666666 0.425 0.8416666666666667 0.428125 0.8395833333333333
0 0.1265625 0.2875 0.1375 0.3020833333333333 0.1390625 0.3104166666666667 0.1375 0.3229166666666667 0.1296875 0.33541666666666664 0.1203125 0.33125 0.1109375 0.31875 0.1125 0.29791666666666666 0.1203125 0.2875 0.125 0.2875
0 0.2515625 0.17083333333333334 0.259375 0.17916666666666667 0.2640625 0.19166666666666668 0.2640625 0.20625 0.2578125 0.21875 0.2484375 0.21875 0.2390625 0.20625 0.2375 0.2 0.2375 0.1875 0.240625 0.17916666666666667 0.25 0.17083333333333334
0 0.1703125 0.425 0.175 0.42083333333333334 0.1828125 0.42083333333333334 0.19375 0.4354166666666667 0.19375 0.45416666666666666 0.1921875 0.4583333333333333 0.184375 0.4666666666666667 0.1734375 0.46458333333333335 0.16875 0.46041666666666664 0.165625 0.45208333333333334 0.165625 0.4375 0.1703125 0.4270833333333333
0 0.28125 0.03125 0.271875 0.010416666666666666 0.2734375 0 0.296875 0 0.2984375 0.010416666666666666 0.296875 0.022916666666666665 0.290625 0.03125 0.2859375 0.03333333333333333 0.2828125 0.03125
0 0.484375 0.225 0.4890625 0.22083333333333333 0.5 0.22083333333333333 0.50625 0.23333333333333334 0.50625 0.25833333333333336 0.5046875 0.2625 0.4984375 0.27291666666666664 0.490625 0.27291666666666664 0.4828125 0.2625 0.4796875 0.24583333333333332 0.48125 0.23333333333333334 0.484375 0.22708333333333333
0 0.21875 0.35833333333333334 0.2234375 0.3541666666666667 0.23125 0.3541666666666667 0.2390625 0.3625 0.2421875 0.37083333333333335 0.240625 0.39166666666666666 0.2375 0.39791666666666664 0.228125 0.4 0.21875 0.39375 0.2140625 0.38125 0.2140625 0.375 0.21875 0.36041666666666666
0 0.1921875 0.6791666666666667 0.2 0.675 0.20625 0.6791666666666667 0.2109375 0.6791666666666667 0.215625 0.6875 0.2140625 0.7145833333333333 0.2078125 0.7229166666666667 0.196875 0.725 0.1921875 0.7229166666666667 0.1875 0.7145833333333333 0.1875 0.6916666666666667 0.1921875 0.68125
0 0.26875 0.06875 0.271875 0.07083333333333333 0.2796875 0.08958333333333333 0.2796875 0.10208333333333333 0.2765625 0.11041666666666666 0.26875 0.11875 0.2640625 0.11666666666666667 0.25625 0.10625 0.253125 0.09375 0.25625 0.07708333333333334 0.2609375 0.07083333333333333 0.2671875 0.06875
0 0.24375 0.5 0.2484375 0.5083333333333333 0.2484375 0.5291666666666667 0.2421875 0.5395833333333333 0.2375 0.5416666666666666 0.2265625 0.5395833333333333 0.2234375 0.5354166666666667 0.2203125 0.525 0.2203125 0.5125 0.2234375 0.5020833333333333 0.228125 0.49583333333333335 0.2390625 0.49583333333333335 0.2421875 0.5
0 0.221875 0.13541666666666666 0.2171875 0.125 0.2171875 0.1125 0.2203125 0.10208333333333333 0.225 0.09583333333333334 0.2328125 0.09583333333333334 0.2390625 0.10416666666666667 0.24375 0.11666666666666667 0.24375 0.12708333333333333 0.2390625 0.13958333333333334 0.234375 0.14375 0.2296875 0.14375 0.2234375 0.13541666666666666
0 0.415625 0 0.440625 0 0.4390625 0.01875 0.4328125 0.027083333333333334 0.4234375 0.027083333333333334 0.4203125 0.022916666666666665 0.415625 0.0020833333333333333
0 0.5296875 0.83125 0.5390625 0.8416666666666667 0.5421875 0.8625 0.5390625 0.88125 0.53125 0.8895833333333333 0.5234375 0.8895833333333333 0.5171875 0.88125 0.5125 0.86875 0.5140625 0.8458333333333333 0.5171875 0.8375 0.528125 0.83125
0 0.215625 0.3416666666666667 0.21875 0.35 0.21875 0.35625 0.2125 0.37916666666666665 0.209375 0.38125 0.2 0.3770833333333333 0.1921875 0.36666666666666664 0.1921875 0.3458333333333333 0.2 0.3333333333333333 0.2078125 0.3333333333333333 0.2140625 0.3416666666666667
0 0.4734375 0.7541666666666667 0.478125 0.75 0.4890625 0.75 0.496875 0.7666666666666667 0.496875 0.78125 0.49375 0.79375 0.484375 0.8020833333333334 0.4765625 0.8020833333333334 0.46875 0.7854166666666667 0.46875 0.7666666666666667 0.4734375 0.75625
0 0.4796875 0.15 0.484375 0.14583333333333334 0.4953125 0.14583333333333334 0.5015625 0.15833333333333333 0.5015625 0.18125 0.4984375 0.19166666666666668 0.4921875 0.19791666666666666 0.484375 0.19791666666666666 0.4796875 0.19166666666666668 0.4765625 0.18125 0.4765625 0.15833333333333333 0.4796875 0.15208333333333332
0 0.45625 0.06666666666666667 0.4609375 0.07916666666666666 0.4625 0.1 0.4578125 0.11458333333333333 0.453125 0.11875 0.4453125 0.11875 0.4421875 0.11458333333333333 0.4375 0.1 0.4359375 0.08333333333333333 0.4390625 0.07291666666666667 0.44375 0.06666666666666667 0.4546875 0.06666666666666667
0 0.2203125 0.28125 0.2296875 0.2916666666666667 0.2328125 0.3 0.2328125 0.3145833333333333 0.2265625 0.32708333333333334 0.2171875 0.32708333333333334 0.2078125 0.31875 0.20625 0.3145833333333333 0.2046875 0.30416666666666664 0.20625 0.3020833333333333 0.20625 0.2916666666666667 0.2109375 0.2833333333333333 0.21875 0.28125