0 0.74296875 0.31979166666666664 0.0328125 0.058333333333333334
0 0.5421875 0.22604166666666667 0.03125 0.0625
0 0.6921875 0.23020833333333332 0.034375 0.0625
0 0.5359375 0.04895833333333333 0.03125 0.06666666666666667
0 0.5875 0.053125 0.03125 0.0625
0 0.68125 0.036458333333333336 0.03125 0.06666666666666667
0 0.65 0.40520833333333334 0.03125 0.058333333333333334
0 0.64296875 0.215625 0.0328125 0.0625
0 0.42421875 0.03229166666666667 0.0328125 0.06458333333333334
0 0.315625 0.303125 0.0375 0.0625
0 0.4859375 0.04791666666666667 0.03125 0.06666666666666667
0 0.63984375 0.046875 0.0328125 0.0625
0 0.53828125 0.3229166666666667 0.03125 0.058333333333333334
0 0.428125 0.21979166666666666 0.03125 0.0625
0 0.65703125 0.9177083333333333 0.0359375 0.07083333333333333
0 0.653125 0.603125 0.034375 0.058333333333333334
0 0.5015625 0.9302083333333333 0.0328125 0.07083333333333333
0 0.6140625 0.921875 0.034375 0.06666666666666667
0 0.7125 0.9083333333333333 0.0375 0.06666666666666667
0 0.4921875 0.421875 0.03125 0.058333333333333334
0 0.7640625 0.596875 0.0359375 0.058333333333333334
0 0.4328125 0.9354166666666667 0.034375 0.07083333333333333
0 0.309375 0.9385416666666667 0.040625 0.07083333333333333
0 0.43125 0.6208333333333333 0.034375 0.0625
0 0.71875 0.7989583333333333 0.0375 0.0625
0 0.3625 0.934375 0.0375 0.07083333333333333
0 0.32109375 0.6322916666666667 0.0390625 0.06666666666666667
0 0.54453125 0.5052083333333334 0.0296875 0.05416666666666667
0 0.5546875 0.9229166666666667 0.034375 0.06666666666666667
0 0.4328125 0.703125 0.034375 0.0625