0 0.66171875 0.28020833333333334 0.0328125 0.058333333333333334
0 0.3125 0.33541666666666664 0.03203125 0.057291666666666664
0 0.6 0.6322916666666667 0.03203125 0.05520833333333333
0 0.35546875 0.084375 0.03125 0.06145833333333333
0 0.35625 0.26145833333333335 0.03125 0.059375
0 0.7078125 0.6489583333333333 0.03515625 0.057291666666666664
0 0.5078125 0.35208333333333336 0.03046875 0.057291666666666664
0 0.4078125 0.34791666666666665 0.03046875 0.057291666666666664
0 0.4125 0.08333333333333333 0.03125 0.06145833333333333
0 0.6640625 0.9145833333333333 0.03515625 0.065625
0 0.6578125 0.7385416666666667 0.03515625 0.06145833333333333
0 0.61328125 0.9072916666666667 0.0328125 0.06354166666666666
0 0.6109375 0.3614583333333333 0.03203125 0.057291666666666664
0 0.4609375 0.084375 0.03046875 0.06145833333333333
0 0.7171875 0.9177083333333333 0.0359375 0.06354166666666666
0 0.50546875 0.6302083333333334 0.0296875 0.05520833333333333
0 0.55625 0.08333333333333333 0.03125 0.06145833333333333
0 0.30625 0.08020833333333334 0.03203125 0.06354166666666666
0 0.3421875 0.9072916666666667 0.03359375 0.06354166666666666
0 0.40390625 0.6291666666666667 0.03125 0.05520833333333333
0 0.55703125 0.9135416666666667 0.0328125 0.06354166666666666
0 0.65625 0.090625 0.03203125 0.0625
0 0.2953125 0.6354166666666666 0.03359375 0.057291666666666664
0 0.4515625 0.9135416666666667 0.03203125 0.06354166666666666
0 0.7078125 0.3572916666666667 0.0359375 0.059375
0 0.7078125 0.09479166666666666 0.03515625 0.0625
0 0.5078125 0.9135416666666667 0.03125 0.06354166666666666
0 0.2921875 0.9052083333333333 0.034375 0.06354166666666666
0 0.6046875 0.09166666666666666 0.03203125 0.06145833333333333
0 0.34609375 0.7239583333333334 0.0328125 0.057291666666666664
0 0.39921875 0.909375 0.0328125 0.0625
0 0.5125 0.084375 0.03046875 0.0625