0 0.5125 0.036458333333333336 0.02578125 0.057291666666666664
0 0.55078125 0.19895833333333332 0.0296875 0.05416666666666667
0 0.55625 0.821875 0.03125 0.059375
0 0.1796875 0.21666666666666667 0.02734375 0.05
0 0.55 0.121875 0.03046875 0.057291666666666664
0 0.4640625 0.8052083333333333 0.03046875 0.05520833333333333
0 0.646875 0.21041666666666667 0.03203125 0.057291666666666664
0 0.25625 0.27395833333333336 0.02578125 0.04895833333333333
0 0.32890625 0.021875 0.0265625 0.042708333333333334
0 0.2796875 0.29791666666666666 0.02734375 0.051041666666666666
0 0.30859375 0.11979166666666667 0.0265625 0.051041666666666666
0 0.2734375 0.22395833333333334 0.028125 0.051041666666666666
0 0.240625 0.6114583333333333 0.0296875 0.051041666666666666
0 0.28046875 0.4375 0.0296875 0.05
0 0.29140625 0.040625 0.0265625 0.053125
0 0.22890625 0.35520833333333335 0.028125 0.046875
0 0.5828125 0.3729166666666667 0.02890625 0.05416666666666667
0 0.56640625 0.6364583333333333 0.0296875 0.05416666666666667