0 0.4828125 0.08854166666666667 0.03125 0.058333333333333334
0 0.4375 0.09479166666666666 0.03125 0.058333333333333334
0 0.63203125 0.26145833333333335 0.0296875 0.058333333333333334
0 0.63359375 0.346875 0.0296875 0.05416666666666667
0 0.440625 0.171875 0.028125 0.05416666666666667
0 0.53359375 0.3489583333333333 0.0265625 0.05
0 0.2390625 0.34479166666666666 0.034375 0.05416666666666667
0 0.58046875 0.5135416666666667 0.0265625 0.04583333333333333
0 0.3390625 0.08020833333333334 0.03125 0.058333333333333334
0 0.2921875 0.16458333333333333 0.03125 0.058333333333333334
0 0.2359375 0.6114583333333333 0.034375 0.058333333333333334
0 0.4359375 0.42604166666666665 0.028125 0.05416666666666667
0 0.63359375 0.6010416666666667 0.0296875 0.05
0 0.4390625 0.2552083333333333 0.028125 0.05416666666666667
0 0.4390625 0.7885416666666667 0.028125 0.05416666666666667
0 0.534375 0.871875 0.028125 0.05416666666666667
0 0.5375 0.5197916666666667 0.025 0.04583333333333333
0 0.33515625 0.8833333333333333 0.0328125 0.058333333333333334
0 0.490625 0.7020833333333333 0.028125 0.05
0 0.4875 0.7666666666666667 0.028125 0.05416666666666667