0 0.3 0.503125 0.03046875 0.051041666666666666
0 0.3546875 0.5177083333333333 0.02890625 0.05
0 0.3625 0.34791666666666665 0.0296875 0.05416666666666667
0 0.4765625 0.040625 0.02734375 0.05520833333333333
0 0.46328125 0.19895833333333332 0.0296875 0.05416666666666667
0 0.2625 0.49270833333333336 0.03046875 0.053125
0 0.65703125 0.378125 0.0328125 0.05520833333333333
0 0.51640625 0.042708333333333334 0.028125 0.05520833333333333
0 0.43203125 0.042708333333333334 0.0265625 0.05520833333333333
0 0.4375 0.6135416666666667 0.02734375 0.05
0 0.4765625 0.8104166666666667 0.0296875 0.057291666666666664
0 0.27421875 0.34270833333333334 0.03125 0.05520833333333333
0 0.43125 0.8010416666666667 0.03046875 0.057291666666666664
0 0.3421875 0.790625 0.03203125 0.058333333333333334
0 0.37890625 0.796875 0.03125 0.057291666666666664
0 0.46015625 0.28229166666666666 0.028125 0.051041666666666666
0 0.38203125 0.03854166666666667 0.0265625 0.057291666666666664
0 0.64375 0.5677083333333334 0.03125 0.05520833333333333
0 0.2453125 0.015625 0.028125 0.030208333333333334
0 0.20625 0.025 0.02890625 0.05