0 0.68359375 0.49166666666666664 0.0375 0.03333333333333333
0 0.25078125 0.5458333333333333 0.0375 0.035416666666666666
0 0.18671875 0.5 0.040625 0.03333333333333333
0 0.34453125 0.16041666666666668 0.034375 0.0375
0 0.30703125 0.5458333333333333 0.040625 0.0375
0 0.6953125 0.60625 0.040625 0.041666666666666664
0 0.15546875 0.25833333333333336 0.0375 0.03333333333333333
0 0.29765625 0.05625 0.0375 0.0375
0 0.17109375 0.20729166666666668 0.040625 0.035416666666666666
0 0.75859375 0.55 0.040625 0.0375
0 0.5953125 0.13958333333333334 0.0375 0.03958333333333333
0 0.46953125 0.19166666666666668 0.0375 0.03958333333333333
0 0.31015625 0.18333333333333332 0.0375 0.0375
0 0.23203125 0.23020833333333332 0.0375 0.035416666666666666
0 0.32109375 0.6645833333333333 0.0375 0.0375
0 0.36328125 0.190625 0.034375 0.035416666666666666
0 0.40546875 0.12291666666666666 0.034375 0.0375
0 0.43515625 0.5833333333333334 0.0375 0.0375
0 0.1296875 0.47708333333333336 0.009375 0.029166666666666667