0 0.22265625 0.6291666666666667 0.03125 0.053125
0 0.24453125 0.303125 0.0265625 0.04583333333333333
0 0.265625 0.459375 0.02890625 0.05
0 0.26015625 0.2552083333333333 0.0265625 0.04895833333333333
0 0.5265625 0.16875 0.02578125 0.04895833333333333
0 0.296875 0.159375 0.02578125 0.046875
0 0.534375 0.096875 0.02578125 0.051041666666666666
0 0.265625 0.3260416666666667 0.02734375 0.04895833333333333
0 0.2140625 0.38125 0.02890625 0.04895833333333333
0 0.528125 0.23958333333333334 0.02578125 0.051041666666666666
0 0.2796875 0.08645833333333333 0.025 0.04895833333333333
0 0.1671875 0.24791666666666667 0.028125 0.04895833333333333
0 0.49140625 0.74375 0.028125 0.051041666666666666
0 0.43125 0.2375 0.02578125 0.05
0 0.475 0.016666666666666666 0.02578125 0.03333333333333333
0 0.703125 0.33229166666666665 0.03203125 0.053125
0 0.31640625 0.06770833333333333 0.025 0.051041666666666666
0 0.4359375 0.8145833333333333 0.03125 0.057291666666666664
0 0.3390625 0.008333333333333333 0.02265625 0.016666666666666666
0 0.559375 0.39791666666666664 0.02734375 0.04895833333333333