0 0.5125 0.06354166666666666 0.028125 0.058333333333333334
0 0.596875 0.06979166666666667 0.028125 0.058333333333333334
0 0.55078125 0.0625 0.028125 0.05416666666666667
0 0.67421875 0.8385416666666666 0.0328125 0.0625
0 0.6484375 0.06770833333333333 0.028125 0.05416666666666667
0 0.6375 0.84375 0.03125 0.058333333333333334
0 0.5625 0.225 0.028125 0.05416666666666667
0 0.371875 0.5885416666666666 0.0328125 0.058333333333333334
0 0.5359375 0.8510416666666667 0.0296875 0.058333333333333334
0 0.47890625 0.8635416666666667 0.03125 0.058333333333333334
0 0.36875 0.4875 0.0328125 0.05416666666666667
0 0.884375 0.4 0.03125 0.05416666666666667
0 0.6703125 0.5572916666666666 0.03125 0.05416666666666667
0 0.70546875 0.38229166666666664 0.03125 0.05416666666666667
0 0.84375 0.2760416666666667 0.03125 0.05416666666666667
0 0.5640625 0.5489583333333333 0.0296875 0.05416666666666667
0 0.58359375 0.8447916666666667 0.03125 0.058333333333333334
0 0.7421875 0.22395833333333334 0.03125 0.05416666666666667
0 0.8359375 0.34479166666666666 0.03125 0.05416666666666667
0 0.940625 0.25729166666666664 0.03125 0.05416666666666667
0 0.7859375 0.042708333333333334 0.0296875 0.05416666666666667
0 0.825 0.06770833333333333 0.028125 0.05416666666666667