0 0.44609375 0.8666666666666667 0.0296875 0.05416666666666667
0 0.5 0.16770833333333332 0.03125 0.0625
0 0.5375 0.17604166666666668 0.03125 0.058333333333333334
0 0.4453125 0.790625 0.0296875 0.058333333333333334
0 0.4828125 0.953125 0.028125 0.058333333333333334
0 0.8296875 0.790625 0.028125 0.05
0 0.7703125 0.38229166666666664 0.03125 0.05416666666666667
0 0.7265625 0.559375 0.03125 0.05416666666666667
0 0.671875 0.978125 0.028125 0.041666666666666664
0 0.34921875 0.7739583333333333 0.0328125 0.058333333333333334
0 0.7484375 0.7302083333333333 0.028125 0.05416666666666667
0 0.53046875 0.3645833333333333 0.0296875 0.05
0 0.69375 0.8833333333333333 0.028125 0.05416666666666667
0 0.4140625 0.6145833333333334 0.03125 0.058333333333333334
0 0.7109375 0.9645833333333333 0.028125 0.05416666666666667
0 0.73125 0.7802083333333333 0.028125 0.05416666666666667
0 0.725 0.7052083333333333 0.0296875 0.05416666666666667
0 0.77890625 0.646875 0.0296875 0.05