0 0.31640625 0.5083333333333333 0.0375 0.03333333333333333
0 0.74921875 0.45416666666666666 0.0375 0.035416666666666666
0 0.81328125 0.5 0.040625 0.03333333333333333
0 0.65546875 0.8395833333333333 0.034375 0.0375
0 0.69296875 0.45416666666666666 0.040625 0.0375
0 0.3046875 0.39375 0.040625 0.041666666666666664
0 0.84453125 0.7416666666666667 0.0375 0.035416666666666666
0 0.70234375 0.94375 0.0375 0.0375
0 0.82890625 0.7927083333333333 0.040625 0.035416666666666666
0 0.24140625 0.45 0.040625 0.0375
0 0.4046875 0.8604166666666667 0.0375 0.03958333333333333
0 0.53046875 0.8083333333333333 0.0375 0.03958333333333333
0 0.68984375 0.8166666666666667 0.0375 0.0375
0 0.76796875 0.7697916666666667 0.0375 0.035416666666666666
0 0.67890625 0.33541666666666664 0.0375 0.0375
0 0.63671875 0.809375 0.034375 0.035416666666666666
0 0.59453125 0.8770833333333333 0.034375 0.0375
0 0.56484375 0.4166666666666667 0.0375 0.0375
0 0.8703125 0.5229166666666667 0.009375 0.029166666666666667