0 0.64453125 0.21458333333333332 0.040625 0.04375
0 0.83828125 0.4791666666666667 0.04375 0.0375
0 0.71015625 0.28125 0.046875 0.041666666666666664
0 0.72109375 0.3416666666666667 0.04375 0.041666666666666664
0 0.71796875 0.6895833333333333 0.046875 0.04583333333333333
0 0.58515625 0.3333333333333333 0.04375 0.041666666666666664
0 0.7140625 0.47291666666666665 0.04375 0.041666666666666664
0 0.8390625 0.5427083333333333 0.046875 0.041666666666666664
0 0.83828125 0.3458333333333333 0.046875 0.041666666666666664
0 0.83671875 0.41458333333333336 0.046875 0.041666666666666664
0 0.66015625 0.7604166666666666 0.046875 0.04791666666666667
0 0.64453125 0.475 0.040625 0.041666666666666664
0 0.225 0.25416666666666665 0.046875 0.04583333333333333
0 0.84765625 0.29270833333333335 0.04375 0.041666666666666664
0 0.84609375 0.7520833333333333 0.05 0.04791666666666667
0 0.44453125 0.33125 0.040625 0.041666666666666664
0 0.21640625 0.38125 0.046875 0.041666666666666664
0 0.30234375 0.24791666666666667 0.04375 0.04583333333333333
0 0.21015625 0.5270833333333333 0.05 0.041666666666666664
0 0.20703125 0.6135416666666667 0.05 0.04583333333333333
0 0.44921875 0.18958333333333333 0.040625 0.04375
0 0.43203125 0.6166666666666667 0.040625 0.041666666666666664
0 0.21640625 0.4583333333333333 0.046875 0.041666666666666664
0 0.20625 0.7729166666666667 0.053125 0.05
0 0.20859375 0.7052083333333333 0.05 0.04791666666666667
0 0.58359375 0.61875 0.04375 0.041666666666666664
0 0.42421875 0.75625 0.046875 0.05
0 0.51484375 0.46875 0.040625 0.0375
0 0.36953125 0.46145833333333336 0.040625 0.03958333333333333
0 0.21953125 0.325 0.04375 0.041666666666666664