0 0.6328125 0.7385416666666667 0.03125 0.05416666666666667
0 0.63359375 0.6541666666666667 0.0296875 0.05416666666666667
0 0.53359375 0.6510416666666666 0.0265625 0.05
0 0.58046875 0.4864583333333333 0.0265625 0.04583333333333333
0 0.4828125 0.9114583333333334 0.0296875 0.058333333333333334
0 0.2390625 0.6552083333333333 0.034375 0.05416666666666667
0 0.340625 0.9166666666666666 0.03125 0.058333333333333334
0 0.390625 0.9135416666666667 0.0296875 0.058333333333333334
0 0.29296875 0.9177083333333333 0.0328125 0.058333333333333334
0 0.4859375 0.8302083333333333 0.028125 0.05416666666666667
0 0.2359375 0.3885416666666667 0.034375 0.058333333333333334
0 0.440625 0.8260416666666667 0.028125 0.058333333333333334
0 0.43984375 0.7447916666666666 0.0296875 0.05416666666666667
0 0.63359375 0.39895833333333336 0.0296875 0.05
0 0.43984375 0.5697916666666667 0.0296875 0.05416666666666667
0 0.5375 0.48020833333333335 0.025 0.04583333333333333
0 0.2921875 0.8354166666666667 0.03125 0.058333333333333334
0 0.3890625 0.12083333333333333 0.03125 0.058333333333333334
0 0.2921875 0.6552083333333333 0.03125 0.05416666666666667
0 0.334375 0.11666666666666667 0.03125 0.058333333333333334
0 0.53359375 0.128125 0.0296875 0.05416666666666667
0 0.490625 0.29791666666666666 0.028125 0.05
0 0.4875 0.23333333333333334 0.028125 0.05416666666666667