0 0.5265625 0.10520833333333333 0.028125 0.05416666666666667
0 0.3890625 0.10520833333333333 0.0296875 0.05416666666666667
0 0.6796875 0.36354166666666665 0.028125 0.05416666666666667
0 0.48359375 0.10833333333333334 0.028125 0.05416666666666667
0 0.678125 0.2760416666666667 0.03125 0.058333333333333334
0 0.29140625 0.3572916666666667 0.03125 0.05416666666666667
0 0.575 0.36354166666666665 0.025 0.05
0 0.5296875 0.19270833333333334 0.028125 0.05416666666666667
0 0.48515625 0.18958333333333333 0.028125 0.05416666666666667
0 0.34375 0.10729166666666666 0.03125 0.05416666666666667
0 0.4828125 0.26979166666666665 0.028125 0.05416666666666667
0 0.2828125 0.6145833333333334 0.0328125 0.058333333333333334
0 0.4765625 0.5302083333333333 0.028125 0.05
0 0.375 0.8864583333333333 0.03125 0.058333333333333334
0 0.43125 0.7083333333333334 0.03125 0.05416666666666667
0 0.34296875 0.184375 0.0296875 0.05416666666666667
0 0.6765625 0.6260416666666667 0.0296875 0.05
0 0.5765625 0.5333333333333333 0.0265625 0.05
0 0.5203125 0.8947916666666667 0.028125 0.058333333333333334
0 0.5703125 0.8947916666666667 0.028125 0.058333333333333334
0 0.475 0.8885416666666667 0.03125 0.058333333333333334
0 0.48046875 0.44479166666666664 0.0265625 0.05
0 0.325 0.8708333333333333 0.03125 0.058333333333333334
0 0.575 0.7166666666666667 0.028125 0.05416666666666667
0 0.525 0.7072916666666667 0.03125 0.05416666666666667
0 0.4265625 0.8864583333333333 0.028125 0.058333333333333334
0 0.5234375 0.8010416666666667 0.0296875 0.058333333333333334