0 0.365625 0.4 0.03125 0.05416666666666667
0 0.3671875 0.740625 0.03125 0.05416666666666667
0 0.559375 0.828125 0.028125 0.05416666666666667
0 0.465625 0.128125 0.03125 0.058333333333333334
0 0.51796875 0.9135416666666667 0.0296875 0.058333333333333334
0 0.765625 0.390625 0.034375 0.05416666666666667
0 0.36640625 0.6541666666666667 0.0296875 0.05416666666666667
0 0.56328125 0.9072916666666667 0.0296875 0.058333333333333334
0 0.7609375 0.6572916666666667 0.0328125 0.05416666666666667
0 0.4203125 0.4875 0.0265625 0.04583333333333333
0 0.46640625 0.653125 0.0265625 0.05
0 0.509375 0.296875 0.028125 0.05416666666666667
0 0.66484375 0.11770833333333333 0.0328125 0.058333333333333334
0 0.559375 0.7458333333333333 0.028125 0.05416666666666667
0 0.5625 0.30416666666666664 0.028125 0.05416666666666667
0 0.5609375 0.21354166666666666 0.028125 0.05416666666666667
0 0.659375 0.9166666666666666 0.03125 0.058333333333333334
0 0.7078125 0.9177083333333333 0.03125 0.058333333333333334
0 0.7078125 0.8354166666666667 0.03125 0.058333333333333334
0 0.5125 0.23541666666666666 0.028125 0.05416666666666667
0 0.565625 0.5760416666666667 0.028125 0.05416666666666667
0 0.4640625 0.48125 0.025 0.05
0 0.66015625 0.6583333333333333 0.03125 0.05416666666666667