0 0.675 0.50625 0.0375 0.035416666666666666
0 0.81484375 0.790625 0.0375 0.035416666666666666
0 0.78203125 0.49583333333333335 0.0375 0.03333333333333333
0 0.72734375 0.5083333333333333 0.0375 0.03333333333333333
0 0.78046875 0.5520833333333334 0.0375 0.03333333333333333
0 0.86328125 0.7583333333333333 0.021875 0.03333333333333333
0 0.68125 0.9895833333333334 0.0375 0.020833333333333332
0 0.8015625 0.840625 0.0375 0.035416666666666666
0 0.85234375 0.575 0.0375 0.035416666666666666
0 0.74609375 0.81875 0.0375 0.0375
0 0.32265625 0.6125 0.040625 0.03958333333333333
0 0.51640625 0.8666666666666667 0.0375 0.041666666666666664
0 0.53828125 0.275 0.0375 0.041666666666666664
0 0.86953125 0.415625 0.0109375 0.03125
0 0.38359375 0.925 0.040625 0.04375
0 0.55703125 0.46875 0.0375 0.0375
0 0.66171875 0.875 0.0375 0.0375
0 0.31953125 0.5583333333333333 0.040625 0.0375
0 0.578125 0.9354166666666667 0.0375 0.03958333333333333
0 0.86953125 0.484375 0.0109375 0.03125
0 0.61015625 0.86875 0.0375 0.03958333333333333
0 0.23984375 0.503125 0.04375 0.03958333333333333