0 0.678125 0.2875 0.6828125 0.2916666666666667 0.6875 0.30416666666666664 0.6875 0.3145833333333333 0.6828125 0.33125 0.671875 0.3416666666666667 0.6640625 0.3416666666666667 0.6578125 0.33541666666666664 0.6546875 0.325 0.6546875 0.3125 0.6578125 0.3 0.665625 0.2875 0.6765625 0.2875
0 0.46875 0.6791666666666667 0.4734375 0.6833333333333333 0.4765625 0.6916666666666667 0.478125 0.70625 0.475 0.71875 0.4640625 0.7291666666666666 0.4578125 0.7270833333333333 0.453125 0.7208333333333333 0.45 0.7104166666666667 0.45 0.6979166666666666 0.453125 0.6875 0.459375 0.6791666666666667 0.4671875 0.6791666666666667
0 0.5640625 0.39791666666666664 0.56875 0.4 0.5765625 0.4125 0.578125 0.43125 0.5734375 0.44375 0.5671875 0.45208333333333334 0.559375 0.45208333333333334 0.55 0.44375 0.5484375 0.4354166666666667 0.55 0.41041666666666665 0.5578125 0.4 0.5625 0.4
0 0.5 0.058333333333333334 0.5046875 0.05416666666666667 0.515625 0.05416666666666667 0.521875 0.06458333333333334 0.5234375 0.07291666666666667 0.5234375 0.08541666666666667 0.5203125 0.10208333333333333 0.5140625 0.11041666666666666 0.5015625 0.11041666666666666 0.4984375 0.10625 0.4953125 0.0875 0.4953125 0.07291666666666667 0.496875 0.06458333333333334 0.5 0.06041666666666667
0 0.6640625 0.03958333333333333 0.6703125 0.041666666666666664 0.6765625 0.05416666666666667 0.6765625 0.07291666666666667 0.671875 0.08541666666666667 0.6640625 0.09791666666666667 0.6546875 0.09791666666666667 0.646875 0.08541666666666667 0.646875 0.06458333333333334 0.65 0.05625 0.65 0.05 0.6546875 0.041666666666666664 0.6625 0.03958333333333333
0 0.4671875 0.575 0.475 0.5875 0.4765625 0.6020833333333333 0.475 0.6125 0.465625 0.625 0.4578125 0.6229166666666667 0.4484375 0.6083333333333333 0.4484375 0.5958333333333333 0.4515625 0.5833333333333334 0.4578125 0.575 0.465625 0.575
0 0.678125 0.8666666666666667 0.6828125 0.8625 0.690625 0.8625 0.703125 0.8770833333333333 0.70625 0.8875 0.70625 0.9104166666666667 0.703125 0.91875 0.6953125 0.925 0.684375 0.9229166666666667 0.678125 0.9145833333333333 0.6734375 0.8979166666666667 0.6734375 0.8770833333333333 0.678125 0.86875
0 0.6765625 0.5895833333333333 0.68125 0.5916666666666667 0.6890625 0.60625 0.6890625 0.6291666666666667 0.678125 0.64375 0.6703125 0.64375 0.6640625 0.6395833333333333 0.6578125 0.63125 0.65625 0.625 0.65625 0.6083333333333333 0.6609375 0.5958333333333333 0.665625 0.5916666666666667 0.675 0.5895833333333333
0 0.46875 0.058333333333333334 0.475 0.07083333333333333 0.4765625 0.08958333333333333 0.4734375 0.10416666666666667 0.465625 0.11458333333333333 0.4609375 0.11458333333333333 0.4546875 0.11041666666666666 0.45 0.09791666666666667 0.4484375 0.07083333333333333 0.4515625 0.0625 0.4578125 0.05625 0.465625 0.05625 0.4671875 0.058333333333333334
0 0.3171875 0.05416666666666667 0.325 0.06458333333333334 0.3296875 0.08333333333333333 0.3296875 0.09583333333333334 0.3265625 0.10625 0.31875 0.1125 0.3109375 0.11041666666666666 0.30625 0.10625 0.3 0.08958333333333333 0.3 0.06875 0.3015625 0.06458333333333334 0.3078125 0.05625 0.315625 0.05416666666666667
0 0.396875 0.9354166666666667 0.3921875 0.9229166666666667 0.3921875 0.9041666666666667 0.3953125 0.89375 0.4046875 0.8791666666666667 0.415625 0.8791666666666667 0.4203125 0.8854166666666666 0.4234375 0.8958333333333334 0.4234375 0.9104166666666667 0.4203125 0.9270833333333334 0.415625 0.9354166666666667 0.4109375 0.9395833333333333 0.4015625 0.9395833333333333 0.3984375 0.9354166666666667
0 0.4734375 0.875 0.4796875 0.8895833333333333 0.4796875 0.9125 0.4734375 0.93125 0.4671875 0.9354166666666667 0.4625 0.9354166666666667 0.45625 0.9291666666666667 0.4515625 0.91875 0.4515625 0.9083333333333333 0.45 0.90625 0.4515625 0.9041666666666667 0.4515625 0.89375 0.45625 0.8791666666666667 0.4640625 0.8708333333333333 0.46875 0.8708333333333333 0.471875 0.875
0 0.5203125 0.875 0.5265625 0.8854166666666666 0.5296875 0.9 0.5296875 0.9125 0.5265625 0.9208333333333333 0.5265625 0.9270833333333334 0.515625 0.9354166666666667 0.5078125 0.93125 0.503125 0.925 0.5 0.9145833333333333 0.5 0.89375 0.503125 0.8833333333333333 0.509375 0.875 0.5125 0.8729166666666667 0.51875 0.875
0 0.253125 0.8791666666666667 0.2578125 0.875 0.26875 0.875 0.2734375 0.8791666666666667 0.2765625 0.8875 0.2765625 0.9104166666666667 0.271875 0.9229166666666667 0.2625 0.9354166666666667 0.25 0.9354166666666667 0.2453125 0.9270833333333334 0.2421875 0.90625 0.246875 0.8875 0.253125 0.88125
0 0.3234375 0.2375 0.3328125 0.25416666666666665 0.33125 0.28125 0.3234375 0.28958333333333336 0.315625 0.28958333333333336 0.3109375 0.28541666666666665 0.303125 0.2708333333333333 0.3015625 0.2625 0.303125 0.24583333333333332 0.3078125 0.2375 0.3140625 0.23333333333333334 0.31875 0.23333333333333334 0.321875 0.2375
0 0.3703125 0.5875 0.3796875 0.6041666666666666 0.3796875 0.61875 0.3765625 0.6291666666666667 0.371875 0.6354166666666666 0.3640625 0.6395833333333333 0.353125 0.63125 0.35 0.6229166666666667 0.35 0.6083333333333333 0.3515625 0.6 0.35625 0.5916666666666667 0.3609375 0.5875 0.36875 0.5875
0 0.64375 0.8645833333333334 0.6484375 0.8666666666666667 0.6546875 0.875 0.659375 0.8916666666666667 0.6578125 0.9145833333333333 0.6546875 0.9229166666666667 0.65 0.9270833333333334 0.6375 0.9270833333333334 0.63125 0.91875 0.625 0.89375 0.628125 0.8729166666666667 0.6390625 0.8625 0.6421875 0.8645833333333334
0 0.4703125 0.31666666666666665 0.4796875 0.3333333333333333 0.4796875 0.35208333333333336 0.4765625 0.36041666666666666 0.4671875 0.37083333333333335 0.4609375 0.36875 0.453125 0.35625 0.4515625 0.33541666666666664 0.45625 0.32083333333333336 0.4609375 0.31666666666666665 0.46875 0.31666666666666665
0 0.565625 0.052083333333333336 0.56875 0.05416666666666667 0.5734375 0.06458333333333334 0.575 0.08125 0.571875 0.09583333333333334 0.5640625 0.11041666666666666 0.55625 0.11041666666666666 0.55 0.10416666666666667 0.546875 0.09583333333333334 0.546875 0.06666666666666667 0.55 0.058333333333333334 0.55625 0.052083333333333336 0.5609375 0.05 0.5640625 0.052083333333333336
0 0.26875 0.3229166666666667 0.275 0.325 0.2828125 0.33541666666666664 0.2859375 0.3458333333333333 0.2859375 0.36041666666666666 0.2828125 0.36875 0.2734375 0.3770833333333333 0.26875 0.3770833333333333 0.259375 0.36875 0.253125 0.35 0.2546875 0.33541666666666664 0.2578125 0.32916666666666666 0.2671875 0.3229166666666667
0 0.2546875 0.5854166666666667 0.25625 0.5875 0.2640625 0.5875 0.26875 0.5916666666666667 0.2734375 0.6083333333333333 0.2703125 0.6270833333333333 0.2578125 0.6395833333333333 0.2515625 0.6395833333333333 0.240625 0.6291666666666667 0.2390625 0.6229166666666667 0.240625 0.6 0.24375 0.5916666666666667 0.2484375 0.5875 0.253125 0.5875
0 0.415625 0.058333333333333334 0.421875 0.0625 0.428125 0.08125 0.4265625 0.10625 0.4171875 0.11666666666666667 0.409375 0.11458333333333333 0.403125 0.10625 0.4 0.09375 0.4015625 0.06875 0.4046875 0.0625 0.4140625 0.058333333333333334
0 0.578125 0.5791666666666667 0.5828125 0.5833333333333334 0.5859375 0.5916666666666667 0.5875 0.6104166666666667 0.58125 0.6270833333333333 0.5765625 0.63125 0.56875 0.63125 0.5640625 0.6270833333333333 0.559375 0.6208333333333333 0.55625 0.6083333333333333 0.55625 0.6020833333333333 0.5625 0.5833333333333334 0.5703125 0.5770833333333333 0.5765625 0.5791666666666667
0 0.3546875 0.058333333333333334 0.3671875 0.058333333333333334 0.3734375 0.07083333333333333 0.3765625 0.08541666666666667 0.3765625 0.09583333333333334 0.3734375 0.10833333333333334 0.36875 0.11458333333333333 0.359375 0.11458333333333333 0.3546875 0.11041666666666666 0.346875 0.08958333333333333 0.3484375 0.06666666666666667 0.3546875 0.06041666666666667
0 0.2734375 0.0625 0.278125 0.06875 0.284375 0.0875 0.2828125 0.10833333333333334 0.275 0.11875 0.265625 0.11666666666666667 0.2578125 0.10625 0.253125 0.09166666666666666 0.253125 0.07916666666666666 0.2578125 0.06666666666666667 0.2609375 0.0625 0.271875 0.0625
0 0.55625 0.22083333333333333 0.5625 0.21875 0.56875 0.22083333333333333 0.5734375 0.225 0.5765625 0.23333333333333334 0.5765625 0.25625 0.571875 0.26875 0.5671875 0.275 0.559375 0.27708333333333335 0.5515625 0.26875 0.5484375 0.25833333333333336 0.55 0.23125 0.55625 0.22291666666666668
0 0.5671875 0.875 0.571875 0.8708333333333333 0.5796875 0.8708333333333333 0.584375 0.875 0.5921875 0.8958333333333334 0.5921875 0.9166666666666666 0.5859375 0.93125 0.5828125 0.9333333333333333 0.5703125 0.93125 0.5625 0.9145833333333333 0.5625 0.9020833333333333 0.5609375 0.9 0.5625 0.8833333333333333 0.5671875 0.8770833333333333
0 0.6390625 0.675 0.64375 0.6833333333333333 0.6453125 0.7083333333333334 0.64375 0.7145833333333333 0.634375 0.725 0.6265625 0.725 0.61875 0.71875 0.6125 0.7020833333333333 0.6125 0.6895833333333333 0.615625 0.6791666666666667 0.6234375 0.6708333333333333 0.634375 0.6708333333333333 0.6375 0.675
0 0.31484375 0.9052083333333333 0.034375 0.065625
0 0.6203125 0.21041666666666667 0.6296875 0.21666666666666667 0.634375 0.23125 0.63125 0.2520833333333333 0.61875 0.26875 0.6125 0.26875 0.6078125 0.26458333333333334 0.603125 0.25416666666666665 0.6046875 0.22916666666666666 0.609375 0.21666666666666667 0.6125 0.2125 0.61875 0.21041666666666667
0 0.3765625 0.325 0.384375 0.3333333333333333 0.3875 0.3458333333333333 0.3859375 0.36666666666666664 0.378125 0.3770833333333333 0.36875 0.3770833333333333 0.3625 0.36875 0.3578125 0.3541666666666667 0.3578125 0.3416666666666667 0.3625 0.32916666666666666 0.3671875 0.325 0.375 0.325
0 0.371875 0.875 0.38125 0.8833333333333333 0.384375 0.8958333333333334 0.384375 0.90625 0.3796875 0.9270833333333334 0.3734375 0.9354166666666667 0.365625 0.9395833333333333 0.3578125 0.9354166666666667 0.3546875 0.9291666666666667 0.3515625 0.9104166666666667 0.3546875 0.8916666666666667 0.3625 0.8791666666666667 0.3703125 0.875