0 0.47578125 0.030208333333333334 0.0296875 0.057291666666666664
0 0.175 0.22916666666666666 0.03125 0.05520833333333333
0 0.428125 0.03333333333333333 0.02890625 0.058333333333333334
0 0.66328125 0.371875 0.034375 0.058333333333333334
0 0.51484375 0.03229166666666667 0.0296875 0.058333333333333334
0 0.3796875 0.8104166666666667 0.03203125 0.059375
0 0.65 0.5697916666666667 0.034375 0.057291666666666664
0 0.46171875 0.19270833333333334 0.0296875 0.057291666666666664
0 0.1328125 0.353125 0.03203125 0.05416666666666667
0 0.31171875 0.346875 0.03125 0.05416666666666667
0 0.353125 0.43854166666666666 0.0296875 0.051041666666666666
0 0.37578125 0.030208333333333334 0.0296875 0.057291666666666664
0 0.4515625 0.5364583333333334 0.02890625 0.053125
0 0.4375 0.621875 0.02890625 0.051041666666666666
0 0.48125 0.8239583333333333 0.0296875 0.05520833333333333
0 0.45859375 0.278125 0.028125 0.053125
0 0.2796875 0.18229166666666666 0.03046875 0.05520833333333333
0 0.34140625 0.8041666666666667 0.03125 0.058333333333333334
0 0.1828125 0.30104166666666665 0.03203125 0.05416666666666667
0 0.19609375 0.022916666666666665 0.0296875 0.04583333333333333
0 0.434375 0.8135416666666667 0.03125 0.057291666666666664
0 0.23515625 0.011458333333333333 0.0296875 0.022916666666666665