0 0.771875 0.3645833333333333 0.778125 0.37083333333333335 0.78125 0.37916666666666665 0.78125 0.4 0.775 0.41041666666666665 0.7703125 0.41458333333333336 0.7625 0.4166666666666667 0.75625 0.41458333333333336 0.7515625 0.4083333333333333 0.7484375 0.4 0.7484375 0.3875 0.7546875 0.37083333333333335 0.765625 0.3645833333333333 0.7703125 0.3645833333333333
0 0.3515625 0.39791666666666664 0.353125 0.3875 0.359375 0.3770833333333333 0.3703125 0.375 0.3796875 0.3875 0.38125 0.39375 0.38125 0.40625 0.3765625 0.41875 0.371875 0.42291666666666666 0.3625 0.42291666666666666 0.3546875 0.41458333333333336 0.353125 0.4
0 0.4125 0.4666666666666667 0.41875 0.4625 0.425 0.46458333333333335 0.428125 0.4666666666666667 0.4328125 0.4791666666666667 0.43125 0.5020833333333333 0.428125 0.50625 0.4171875 0.5083333333333333 0.409375 0.5 0.4078125 0.49375 0.4078125 0.47708333333333336 0.4125 0.46875
0 0.3703125 0.6291666666666667 0.375 0.6333333333333333 0.3796875 0.6458333333333334 0.3796875 0.6520833333333333 0.375 0.66875 0.36875 0.6770833333333334 0.3640625 0.6791666666666667 0.3578125 0.6770833333333334 0.3546875 0.6729166666666667 0.3515625 0.6645833333333333 0.3515625 0.6458333333333334 0.3609375 0.6291666666666667 0.36875 0.6291666666666667
0 0.709375 0.8083333333333333 0.7171875 0.8166666666666667 0.7234375 0.8291666666666667 0.7234375 0.8479166666666667 0.7203125 0.85625 0.7125 0.8625 0.703125 0.8604166666666667 0.696875 0.85 0.69375 0.8395833333333333 0.6953125 0.8166666666666667 0.703125 0.8083333333333333 0.7078125 0.8083333333333333
0 0.515625 0.09583333333333334 0.5234375 0.10625 0.525 0.13125 0.5203125 0.14375 0.5140625 0.15208333333333332 0.50625 0.15208333333333332 0.5 0.14375 0.496875 0.12291666666666666 0.5 0.10416666666666667 0.50625 0.09583333333333334 0.5140625 0.09583333333333334
0 0.665625 0.08125 0.6734375 0.09583333333333334 0.6734375 0.1125 0.66875 0.12708333333333333 0.6578125 0.13958333333333334 0.6546875 0.13958333333333334 0.6453125 0.13125 0.6421875 0.11041666666666666 0.6484375 0.0875 0.653125 0.08125 0.6578125 0.07916666666666666 0.6640625 0.08125
0 0.771875 0.6375 0.7765625 0.6479166666666667 0.7765625 0.66875 0.76875 0.68125 0.7578125 0.68125 0.746875 0.6666666666666666 0.7453125 0.6479166666666667 0.7484375 0.6395833333333333 0.75625 0.63125 0.7640625 0.63125 0.76875 0.6333333333333333 0.7703125 0.6375
0 0.5625 0.8020833333333334 0.56875 0.8083333333333333 0.5734375 0.825 0.571875 0.8479166666666667 0.5640625 0.85625 0.5578125 0.85625 0.546875 0.8416666666666667 0.546875 0.8166666666666667 0.553125 0.8041666666666667 0.5609375 0.8020833333333334
0 0.371875 0.7145833333333333 0.3765625 0.7166666666666667 0.3796875 0.7229166666666667 0.38125 0.74375 0.375 0.7604166666666666 0.3671875 0.7666666666666667 0.359375 0.7645833333333333 0.35625 0.7604166666666666 0.353125 0.7479166666666667 0.353125 0.7333333333333333 0.3625 0.7166666666666667 0.3703125 0.7145833333333333
0 0.5171875 0.275 0.5234375 0.2875 0.5234375 0.30416666666666664 0.5203125 0.3145833333333333 0.5125 0.3229166666666667 0.5046875 0.3229166666666667 0.4984375 0.3145833333333333 0.496875 0.2916666666666667 0.4984375 0.2833333333333333 0.503125 0.275 0.50625 0.27291666666666664 0.5140625 0.27291666666666664 0.515625 0.275
0 0.4703125 0.6291666666666667 0.4765625 0.6375 0.4796875 0.6541666666666667 0.478125 0.6645833333333333 0.4671875 0.6791666666666667 0.4625 0.6770833333333334 0.453125 0.6645833333333333 0.4515625 0.6520833333333333 0.45625 0.6354166666666666 0.4609375 0.6291666666666667 0.46875 0.6291666666666667
0 0.559375 0.7083333333333334 0.56875 0.7166666666666667 0.5734375 0.7375 0.5703125 0.7520833333333333 0.5609375 0.7625 0.5546875 0.7604166666666666 0.5484375 0.7520833333333333 0.5453125 0.7395833333333334 0.5453125 0.7270833333333333 0.5484375 0.7166666666666667 0.553125 0.7104166666666667 0.5578125 0.7083333333333334
0 0.4671875 0.1 0.4734375 0.10416666666666667 0.4796875 0.11666666666666667 0.478125 0.14375 0.4671875 0.15833333333333333 0.4609375 0.15625 0.45625 0.15 0.4515625 0.13125 0.4546875 0.11041666666666666 0.4578125 0.10416666666666667 0.465625 0.1
0 0.4671875 0.4583333333333333 0.475 0.4708333333333333 0.4765625 0.48541666666666666 0.471875 0.4979166666666667 0.4640625 0.5041666666666667 0.4546875 0.5020833333333333 0.4515625 0.49583333333333335 0.45 0.475 0.4578125 0.4583333333333333 0.465625 0.4583333333333333
0 0.5171875 0.9135416666666667 0.028125 0.058333333333333334
0 0.5640625 0.8791666666666667 0.5703125 0.8833333333333333 0.5765625 0.9041666666666667 0.5765625 0.9208333333333333 0.575 0.9270833333333334 0.56875 0.9354166666666667 0.559375 0.9354166666666667 0.5546875 0.93125 0.55 0.91875 0.55 0.8958333333333334 0.553125 0.8854166666666666 0.5578125 0.8791666666666667 0.5625 0.8791666666666667
0 0.553125 0.19166666666666668 0.55625 0.19166666666666668 0.559375 0.1875 0.5640625 0.1875 0.571875 0.19583333333333333 0.575 0.20625 0.575 0.21875 0.5703125 0.23541666666666666 0.5609375 0.24375 0.55625 0.24375 0.546875 0.23125 0.5484375 0.2 0.553125 0.19375