0 0.534375 0.134375 0.02734375 0.051041666666666666
0 0.5421875 0.058333333333333334 0.02734375 0.053125
0 0.509375 0.6052083333333333 0.028125 0.05
0 0.4984375 0.065625 0.0265625 0.053125
0 0.4609375 0.6927083333333334 0.02734375 0.053125
0 0.53671875 0.20520833333333333 0.0265625 0.053125
0 0.3171875 0.036458333333333336 0.02578125 0.051041666666666666
0 0.2796875 0.057291666666666664 0.0265625 0.05
0 0.26796875 0.4427083333333333 0.0296875 0.046875
0 0.22734375 0.6177083333333333 0.03125 0.053125
0 0.2578125 0.24895833333333334 0.028125 0.04895833333333333
0 0.1671875 0.23020833333333332 0.02890625 0.05
0 0.296875 0.134375 0.0265625 0.04895833333333333
0 0.2640625 0.31666666666666665 0.02734375 0.05
0 0.2171875 0.365625 0.02890625 0.05
0 0.5 0.7947916666666667 0.0296875 0.05520833333333333
0 0.725 0.3885416666666667 0.03203125 0.057291666666666664
0 0.56875 0.37083333333333335 0.02890625 0.05