0 0.79296875 0.478125 0.040625 0.0375
0 0.79453125 0.5354166666666667 0.04375 0.0375
0 0.79453125 0.41041666666666665 0.040625 0.0375
0 0.79453125 0.35208333333333336 0.040625 0.0375
0 0.78984375 0.23125 0.04375 0.041666666666666664
0 0.80078125 0.725 0.04375 0.041666666666666664
0 0.60234375 0.6 0.0375 0.03333333333333333
0 0.67890625 0.725 0.04375 0.041666666666666664
0 0.60859375 0.475 0.0375 0.035416666666666666
0 0.54375 0.47291666666666665 0.0375 0.0375
0 0.34453125 0.275 0.040625 0.041666666666666664
0 0.60703125 0.22083333333333333 0.040625 0.041666666666666664
0 0.6046875 0.34375 0.0375 0.03958333333333333
0 0.6015625 0.7395833333333334 0.040625 0.0375
0 0.41484375 0.21041666666666667 0.040625 0.04583333333333333
0 0.79453125 0.6708333333333333 0.04375 0.0375
0 0.21328125 0.20416666666666666 0.04375 0.04583333333333333
0 0.671875 0.47708333333333336 0.040625 0.0375
0 0.665625 0.66875 0.040625 0.0375
0 0.3421875 0.46875 0.0375 0.0375
0 0.21015625 0.3333333333333333 0.04375 0.041666666666666664
0 0.47890625 0.34375 0.0375 0.0375
0 0.48046875 0.40208333333333335 0.0375 0.0375
0 0.21171875 0.5927083333333333 0.04375 0.03958333333333333
0 0.3375 0.5989583333333334 0.040625 0.035416666666666666
0 0.21015625 0.40208333333333335 0.04375 0.0375
0 0.40546875 0.7354166666666667 0.0375 0.0375
0 0.20390625 0.5260416666666666 0.04375 0.03958333333333333
0 0.41015625 0.47291666666666665 0.040625 0.0375
0 0.20859375 0.4666666666666667 0.04375 0.03958333333333333
0 0.19609375 0.7354166666666667 0.046875 0.041666666666666664
0 0.40859375 0.6 0.0375 0.03333333333333333