0 0.63046875 0.5895833333333333 0.046875 0.041666666666666664
0 0.55234375 0.5291666666666667 0.04375 0.041666666666666664
0 0.56953125 0.7427083333333333 0.046875 0.04583333333333333
0 0.16015625 0.55625 0.053125 0.04791666666666667
0 0.17109375 0.7104166666666667 0.053125 0.05
0 0.16796875 0.6270833333333333 0.05625 0.05
0 0.63515625 0.28541666666666665 0.05 0.052083333333333336
0 0.640625 0.8677083333333333 0.046875 0.04791666666666667
0 0.8421875 0.6395833333333333 0.05 0.04583333333333333
0 0.84453125 0.5104166666666666 0.053125 0.04583333333333333
0 0.7046875 0.5916666666666667 0.046875 0.041666666666666664
0 0.84765625 0.5708333333333333 0.05 0.04583333333333333
0 0.15390625 0.46458333333333335 0.05625 0.04791666666666667
0 0.38359375 0.3020833333333333 0.05 0.05
0 0.85234375 0.7760416666666666 0.0453125 0.04375
0 0.17578125 0.76875 0.053125 0.05
0 0.8453125 0.7208333333333333 0.05 0.04583333333333333
0 0.18515625 0.8416666666666667 0.053125 0.05
0 0.41796875 0.7541666666666667 0.046875 0.04791666666666667
0 0.43359375 0.9041666666666667 0.046875 0.052083333333333336
0 0.32734375 0.46458333333333335 0.046875 0.04583333333333333