0 0.2875 0.5364583333333334 0.040625 0.0375
0 0.52578125 0.68125 0.0375 0.0375
0 0.39921875 0.66875 0.040625 0.0375
0 0.50859375 0.80625 0.040625 0.04375
0 0.36015625 0.9020833333333333 0.040625 0.041666666666666664
0 0.39765625 0.9697916666666667 0.0375 0.041666666666666664
0 0.1734375 0.465625 0.04375 0.0375
0 0.59765625 0.5697916666666667 0.0375 0.0375
0 0.39375 0.7885416666666667 0.040625 0.03958333333333333
0 0.1734375 0.5770833333333333 0.04375 0.0375
0 0.73203125 0.696875 0.04375 0.041666666666666664
0 0.16875 0.6447916666666667 0.040625 0.0375
0 0.41875 0.48541666666666666 0.0375 0.0375
0 0.42109375 0.2760416666666667 0.040625 0.04375
0 0.73828125 0.6479166666666667 0.04375 0.041666666666666664
0 0.5640625 0.29375 0.04375 0.04583333333333333
0 0.74140625 0.5760416666666667 0.04375 0.03958333333333333
0 0.16953125 0.5166666666666667 0.040625 0.0375
0 0.74765625 0.5135416666666667 0.040625 0.03958333333333333
0 0.34921875 0.5395833333333333 0.0375 0.0375
0 0.72265625 0.7791666666666667 0.04375 0.04583333333333333
0 0.15546875 0.8791666666666667 0.040625 0.0375