0 0.5421875 0.30625 0.5484375 0.31875 0.55 0.32916666666666666 0.5453125 0.3458333333333333 0.5375 0.3541666666666667 0.5328125 0.3541666666666667 0.5265625 0.35 0.5203125 0.3333333333333333 0.5203125 0.3229166666666667 0.521875 0.3145833333333333 0.5296875 0.30416666666666664 0.5375 0.3020833333333333 0.540625 0.30625
0 0.4265625 0.38333333333333336 0.4359375 0.3958333333333333 0.4375 0.41458333333333336 0.43125 0.43333333333333335 0.4234375 0.4375 0.4140625 0.43333333333333335 0.4078125 0.42291666666666666 0.40625 0.40208333333333335 0.4078125 0.39375 0.4140625 0.3854166666666667 0.425 0.38333333333333336
0 0.70625 0.6645833333333333 0.7171875 0.6645833333333333 0.725 0.6729166666666667 0.7296875 0.6854166666666667 0.7296875 0.6979166666666666 0.7265625 0.7083333333333334 0.71875 0.7166666666666667 0.7109375 0.7166666666666667 0.7015625 0.7041666666666667 0.6984375 0.69375 0.7 0.6729166666666667 0.70625 0.6666666666666666
0 0.3203125 0.9229166666666667 0.3296875 0.93125 0.3328125 0.94375 0.3296875 0.96875 0.3265625 0.9770833333333333 0.3203125 0.9833333333333333 0.309375 0.9833333333333333 0.3046875 0.9791666666666666 0.3015625 0.9708333333333333 0.303125 0.94375 0.3078125 0.93125 0.31875 0.9229166666666667
0 0.3109375 0.08125 0.315625 0.08541666666666667 0.325 0.10625 0.325 0.12916666666666668 0.321875 0.1375 0.3140625 0.14375 0.303125 0.14166666666666666 0.29375 0.12916666666666668 0.290625 0.11875 0.290625 0.09791666666666667 0.29375 0.0875 0.2984375 0.08125 0.303125 0.07916666666666666 0.309375 0.08125
0 0.365625 0.7833333333333333 0.03125 0.0625
0 0.3296875 0.3770833333333333 0.3359375 0.39166666666666666 0.3359375 0.4041666666666667 0.3328125 0.41458333333333336 0.3234375 0.425 0.3125 0.425 0.3046875 0.4166666666666667 0.3015625 0.4041666666666667 0.3015625 0.38958333333333334 0.303125 0.38125 0.309375 0.3729166666666667 0.321875 0.37083333333333335 0.3265625 0.3729166666666667 0.328125 0.3770833333333333
0 0.625 0.58125 0.6359375 0.5875 0.640625 0.5958333333333333 0.6421875 0.6020833333333333 0.640625 0.625 0.63125 0.6354166666666666 0.6234375 0.6354166666666666 0.615625 0.6270833333333333 0.6125 0.6125 0.6125 0.5979166666666667 0.615625 0.5895833333333333 0.6234375 0.5833333333333334
0 0.7015625 0.21875 0.7078125 0.23125 0.7078125 0.25416666666666665 0.7015625 0.26666666666666666 0.69375 0.2708333333333333 0.684375 0.2708333333333333 0.678125 0.2625 0.675 0.24583333333333332 0.6765625 0.23541666666666666 0.684375 0.22083333333333333 0.690625 0.21666666666666667 0.6984375 0.21666666666666667 0.7 0.21875
0 0.625 0.91875 0.63125 0.9354166666666667 0.6328125 0.9520833333333333 0.63125 0.9604166666666667 0.6234375 0.9708333333333333 0.6125 0.9708333333333333 0.609375 0.9666666666666667 0.60625 0.9604166666666667 0.603125 0.9416666666666667 0.6046875 0.9270833333333334 0.6125 0.9145833333333333 0.6203125 0.9145833333333333 0.6234375 0.91875
0 0.53125 0.49166666666666664 0.5359375 0.49375 0.540625 0.5 0.54375 0.5104166666666666 0.54375 0.5208333333333334 0.540625 0.53125 0.534375 0.5416666666666666 0.5234375 0.5416666666666666 0.51875 0.5375 0.515625 0.5291666666666667 0.515625 0.5041666666666667 0.5203125 0.49375 0.5296875 0.49166666666666664
0 0.56875 0.9125 0.5765625 0.91875 0.58125 0.9395833333333333 0.5796875 0.9583333333333334 0.571875 0.96875 0.5609375 0.9666666666666667 0.5546875 0.9541666666666667 0.553125 0.94375 0.553125 0.9291666666666667 0.55625 0.91875 0.5640625 0.9104166666666667 0.5671875 0.9125
0 0.6546875 0.925 0.6625 0.93125 0.66875 0.9479166666666666 0.6703125 0.9541666666666667 0.66875 0.9708333333333333 0.659375 0.98125 0.6515625 0.98125 0.64375 0.9708333333333333 0.640625 0.9541666666666667 0.6421875 0.9354166666666667 0.6484375 0.9270833333333334 0.653125 0.9270833333333334
0 0.6671875 0.7458333333333333 0.6765625 0.75625 0.6796875 0.7666666666666667 0.6796875 0.7875 0.671875 0.8 0.6609375 0.8 0.65625 0.79375 0.65 0.775 0.65 0.7645833333333333 0.65625 0.7479166666666667 0.665625 0.7458333333333333
0 0.6015625 0.1 0.609375 0.11041666666666666 0.6109375 0.13333333333333333 0.6078125 0.14583333333333334 0.5984375 0.15833333333333333 0.5890625 0.15833333333333333 0.584375 0.15416666666666667 0.5796875 0.14166666666666666 0.5796875 0.12291666666666666 0.584375 0.10833333333333334 0.5890625 0.10208333333333333 0.59375 0.09791666666666667 0.6 0.1
0 0.53125 0.10208333333333333 0.5359375 0.1 0.546875 0.10208333333333333 0.553125 0.11458333333333333 0.553125 0.125 0.5546875 0.12708333333333333 0.5515625 0.14166666666666666 0.5453125 0.15416666666666667 0.540625 0.15833333333333333 0.5328125 0.15833333333333333 0.5265625 0.15 0.5234375 0.13958333333333334 0.525 0.11458333333333333 0.528125 0.10625 0.53125 0.10416666666666667
0 0.68671875 0.14270833333333333 0.034375 0.0625
0 0.6171875 0.7583333333333333 0.6234375 0.7604166666666666 0.634375 0.78125 0.634375 0.7979166666666667 0.63125 0.80625 0.6234375 0.8145833333333333 0.6171875 0.8145833333333333 0.6109375 0.8083333333333333 0.60625 0.7958333333333333 0.60625 0.7708333333333334 0.6125 0.7604166666666666 0.615625 0.7604166666666666
0 0.5265625 0.75 0.534375 0.75625 0.5390625 0.775 0.5390625 0.7875 0.5359375 0.7979166666666667 0.53125 0.8041666666666667 0.5265625 0.80625 0.51875 0.8041666666666667 0.5109375 0.7854166666666667 0.5109375 0.76875 0.5140625 0.7583333333333333 0.5171875 0.7520833333333333 0.525 0.75
0 0.6359375 0.40208333333333335 0.64375 0.4125 0.6453125 0.4354166666666667 0.6375 0.45 0.63125 0.45208333333333334 0.6234375 0.45 0.61875 0.44375 0.615625 0.43333333333333335 0.615625 0.4166666666666667 0.6203125 0.40625 0.6265625 0.40208333333333335 0.634375 0.40208333333333335
0 0.478125 0.9145833333333333 0.484375 0.925 0.4859375 0.95625 0.4828125 0.9666666666666667 0.475 0.9729166666666667 0.4640625 0.9708333333333333 0.459375 0.9604166666666667 0.4578125 0.94375 0.459375 0.9416666666666667 0.459375 0.9291666666666667 0.4640625 0.91875 0.46875 0.9145833333333333 0.4765625 0.9145833333333333
0 0.740625 0.41041666666666665 0.7484375 0.4166666666666667 0.7515625 0.4270833333333333 0.7515625 0.44166666666666665 0.746875 0.45416666666666666 0.74375 0.4583333333333333 0.7375 0.46041666666666664 0.7265625 0.4583333333333333 0.7203125 0.45 0.71875 0.44583333333333336 0.71875 0.4270833333333333 0.7234375 0.41458333333333336 0.728125 0.41041666666666665 0.7390625 0.41041666666666665
0 0.4265625 0.5989583333333334 0.03125 0.058333333333333334
0 0.30625 0.68125 0.3125 0.6770833333333334 0.3203125 0.6770833333333334 0.328125 0.6895833333333333 0.328125 0.7125 0.325 0.7229166666666667 0.31875 0.7333333333333333 0.3078125 0.7354166666666667 0.303125 0.7333333333333333 0.296875 0.7208333333333333 0.296875 0.7 0.303125 0.6854166666666667 0.30625 0.6833333333333333
0 0.359375 0.08333333333333333 0.36875 0.09375 0.375 0.11875 0.375 0.12916666666666668 0.371875 0.1375 0.365625 0.14583333333333334 0.3609375 0.14791666666666667 0.353125 0.14583333333333334 0.3484375 0.14166666666666666 0.340625 0.12291666666666666 0.3421875 0.09375 0.346875 0.08541666666666667 0.3578125 0.08333333333333333
0 0.5234375 0.6583333333333333 0.53125 0.6645833333333333 0.5359375 0.6770833333333334 0.5359375 0.7 0.5328125 0.7083333333333334 0.5296875 0.7125 0.51875 0.7145833333333333 0.5125 0.7083333333333334 0.509375 0.7 0.509375 0.675 0.51875 0.6604166666666667 0.521875 0.6604166666666667
0 0.425 0.115625 0.03125 0.06666666666666667
0 0.5234375 0.9145833333333333 0.528125 0.91875 0.5328125 0.9354166666666667 0.5328125 0.9583333333333334 0.525 0.9708333333333333 0.5203125 0.9729166666666667 0.5125 0.9708333333333333 0.50625 0.9583333333333334 0.50625 0.9270833333333334 0.5140625 0.9145833333333333 0.521875 0.9145833333333333
0 0.434375 0.28125 0.44375 0.3020833333333333 0.4421875 0.32083333333333336 0.434375 0.3333333333333333 0.4234375 0.3333333333333333 0.41875 0.32916666666666666 0.4125 0.3125 0.4125 0.29583333333333334 0.415625 0.2875 0.425 0.27708333333333335 0.4296875 0.27708333333333335 0.4328125 0.28125
0 0.48125 0.09375 0.4859375 0.09166666666666666 0.496875 0.09375 0.503125 0.11041666666666666 0.503125 0.13125 0.4953125 0.15 0.4890625 0.15208333333333332 0.4828125 0.15 0.4765625 0.14166666666666666 0.4734375 0.125 0.4765625 0.10208333333333333 0.48125 0.09583333333333334
0 0.6421875 0.10625 0.65 0.11875 0.65 0.14166666666666666 0.6453125 0.15416666666666667 0.6390625 0.1625 0.634375 0.16458333333333333 0.6265625 0.1625 0.6203125 0.15416666666666667 0.6203125 0.12708333333333333 0.625 0.11041666666666666 0.6296875 0.10625 0.640625 0.10625