0 0.3375 0.6583333333333333 0.34375 0.6729166666666667 0.34375 0.6854166666666667 0.340625 0.6979166666666666 0.3328125 0.7104166666666667 0.3203125 0.7104166666666667 0.315625 0.70625 0.3109375 0.69375 0.3109375 0.6833333333333333 0.3125 0.675 0.31875 0.6625 0.3265625 0.65625 0.334375 0.65625 0.3359375 0.6583333333333333
0 0.5375 0.26875 0.5453125 0.27708333333333335 0.5484375 0.2875 0.5484375 0.3 0.5453125 0.3104166666666667 0.5390625 0.31875 0.5296875 0.31875 0.525 0.3145833333333333 0.5203125 0.29791666666666666 0.5234375 0.2791666666666667 0.528125 0.27291666666666664 0.5359375 0.26875
0 0.4421875 0.5479166666666667 0.4484375 0.5541666666666667 0.45 0.58125 0.4453125 0.59375 0.434375 0.6 0.4296875 0.5979166666666667 0.4234375 0.5895833333333333 0.4203125 0.5770833333333333 0.4203125 0.5666666666666667 0.425 0.5541666666666667 0.43125 0.5458333333333333 0.4390625 0.5458333333333333 0.440625 0.5479166666666667
0 0.5 0.8916666666666667 0.503125 0.9104166666666667 0.503125 0.925 0.5015625 0.9333333333333333 0.49375 0.94375 0.4828125 0.94375 0.4796875 0.9395833333333333 0.475 0.925 0.475 0.9125 0.4765625 0.9104166666666667 0.4765625 0.9 0.484375 0.8875 0.496875 0.8875 0.4984375 0.8916666666666667
0 0.34375 0.9 0.3515625 0.9125 0.3515625 0.9333333333333333 0.346875 0.9520833333333333 0.34375 0.95625 0.3375 0.9583333333333334 0.328125 0.95625 0.325 0.9520833333333333 0.321875 0.94375 0.321875 0.925 0.3265625 0.9125 0.334375 0.9 0.3421875 0.9
0 0.540625 0.375 0.55 0.38958333333333334 0.5484375 0.41041666666666665 0.540625 0.42291666666666666 0.53125 0.42291666666666666 0.525 0.41458333333333336 0.521875 0.40208333333333335 0.5234375 0.3854166666666667 0.5265625 0.37916666666666665 0.5328125 0.3729166666666667 0.5390625 0.375
0 0.2984375 0.075 0.303125 0.07291666666666667 0.3140625 0.075 0.3203125 0.08333333333333333 0.325 0.1 0.325 0.12083333333333333 0.3234375 0.125 0.315625 0.13541666666666666 0.3078125 0.13541666666666666 0.2953125 0.12083333333333333 0.2921875 0.11041666666666666 0.2921875 0.0875 0.2953125 0.07916666666666666 0.2984375 0.07708333333333334
0 0.33125 0.35625 0.340625 0.36666666666666664 0.3421875 0.38958333333333334 0.3375 0.40208333333333335 0.328125 0.4083333333333333 0.3171875 0.40625 0.3109375 0.3958333333333333 0.309375 0.39166666666666666 0.309375 0.36875 0.3203125 0.3541666666666667 0.328125 0.3541666666666667 0.3296875 0.35625
0 0.540625 0.8854166666666666 0.54375 0.8875 0.55 0.9104166666666667 0.55 0.9270833333333334 0.546875 0.9354166666666667 0.540625 0.9416666666666667 0.5296875 0.9395833333333333 0.5265625 0.9354166666666667 0.521875 0.91875 0.5234375 0.9 0.528125 0.8875 0.5328125 0.8833333333333333 0.5390625 0.8854166666666666
0 0.675 0.8875 0.6796875 0.8854166666666666 0.6875 0.8875 0.6921875 0.8916666666666667 0.6984375 0.9083333333333333 0.6984375 0.9291666666666667 0.696875 0.9333333333333333 0.690625 0.9416666666666667 0.68125 0.94375 0.6734375 0.9333333333333333 0.66875 0.9145833333333333 0.66875 0.9020833333333333 0.671875 0.8916666666666667 0.675 0.8895833333333333
0 0.5828125 0.0625 0.5875 0.058333333333333334 0.596875 0.058333333333333334 0.6015625 0.0625 0.60625 0.075 0.60625 0.09375 0.6 0.11041666666666666 0.59375 0.11875 0.5828125 0.11875 0.578125 0.1125 0.575 0.10208333333333333 0.5765625 0.07708333333333334 0.578125 0.07083333333333333 0.5828125 0.06458333333333334
0 0.5390625 0.06458333333333334 0.546875 0.07916666666666666 0.546875 0.08958333333333333 0.5484375 0.09166666666666666 0.546875 0.09375 0.546875 0.10416666666666667 0.5421875 0.11875 0.534375 0.12708333333333333 0.5296875 0.12708333333333333 0.521875 0.11875 0.51875 0.10833333333333334 0.51875 0.08541666666666667 0.525 0.06666666666666667 0.53125 0.0625 0.5375 0.06458333333333334
0 0.490625 0.06666666666666667 0.4953125 0.07291666666666667 0.4984375 0.08333333333333333 0.4984375 0.10416666666666667 0.4953125 0.11458333333333333 0.4859375 0.125 0.48125 0.125 0.4734375 0.11666666666666667 0.46875 0.09791666666666667 0.46875 0.08541666666666667 0.471875 0.07708333333333334 0.471875 0.07083333333333333 0.475 0.06666666666666667 0.4828125 0.0625 0.4890625 0.06666666666666667
0 0.725 0.11875 0.721875 0.11041666666666666 0.721875 0.0875 0.7265625 0.075 0.7359375 0.0625 0.7484375 0.0625 0.7515625 0.06666666666666667 0.75625 0.08333333333333333 0.7546875 0.10208333333333333 0.7515625 0.11041666666666666 0.740625 0.12291666666666666 0.7296875 0.12291666666666666 0.7265625 0.11875
0 0.6875 0.7125 0.6953125 0.7270833333333333 0.696875 0.7416666666666667 0.69375 0.75625 0.684375 0.7645833333333333 0.6796875 0.7645833333333333 0.66875 0.7520833333333333 0.665625 0.74375 0.665625 0.7229166666666667 0.6671875 0.7166666666666667 0.675 0.7083333333333334 0.6828125 0.7083333333333334 0.6859375 0.7125
0 0.6390625 0.36041666666666666 0.6453125 0.36666666666666664 0.6484375 0.375 0.6484375 0.38958333333333334 0.6453125 0.40208333333333335 0.6375 0.41041666666666665 0.628125 0.41041666666666665 0.61875 0.39375 0.61875 0.37916666666666665 0.621875 0.36875 0.6265625 0.3625 0.634375 0.35833333333333334 0.6375 0.36041666666666666
0 0.3609375 0.07083333333333333 0.36875 0.08333333333333333 0.36875 0.08958333333333333 0.3734375 0.10416666666666667 0.3734375 0.1125 0.3703125 0.125 0.359375 0.13541666666666666 0.35 0.13125 0.34375 0.12291666666666666 0.3390625 0.10625 0.3390625 0.09166666666666666 0.34375 0.075 0.3484375 0.07083333333333333 0.359375 0.07083333333333333
0 0.53359375 0.65625 0.0296875 0.058333333333333334
0 0.43125 0.8916666666666667 0.434375 0.8875 0.4421875 0.8875 0.4484375 0.89375 0.4515625 0.9020833333333333 0.4515625 0.93125 0.4453125 0.94375 0.4359375 0.9479166666666666 0.4296875 0.94375 0.4234375 0.9270833333333334 0.425 0.9083333333333333 0.43125 0.89375
0 0.734375 0.625 0.740625 0.63125 0.7453125 0.6520833333333333 0.74375 0.6625 0.740625 0.66875 0.7328125 0.675 0.7234375 0.6729166666666667 0.715625 0.6625 0.7125 0.6520833333333333 0.7125 0.6375 0.715625 0.6291666666666667 0.725 0.6208333333333333 0.7296875 0.6208333333333333 0.7328125 0.625
0 0.75 0.36041666666666666 0.7578125 0.36875 0.759375 0.39166666666666666 0.7546875 0.40625 0.74375 0.4125 0.7421875 0.41041666666666665 0.734375 0.41041666666666665 0.7296875 0.40625 0.7265625 0.39791666666666664 0.725 0.38333333333333336 0.728125 0.37083333333333335 0.734375 0.3625 0.740625 0.35833333333333334 0.7484375 0.36041666666666666
0 0.5890625 0.8833333333333333 0.5953125 0.8916666666666667 0.5984375 0.9041666666666667 0.5984375 0.9229166666666667 0.59375 0.9354166666666667 0.5859375 0.9395833333333333 0.5765625 0.9354166666666667 0.5703125 0.9166666666666666 0.5703125 0.9 0.571875 0.8916666666666667 0.578125 0.8833333333333333 0.58125 0.88125 0.5875 0.8833333333333333
0 0.4171875 0.37083333333333335 0.421875 0.36666666666666664 0.4296875 0.36666666666666664 0.4390625 0.3770833333333333 0.4421875 0.38958333333333334 0.4421875 0.3958333333333333 0.4359375 0.41458333333333336 0.4328125 0.41875 0.4234375 0.42083333333333334 0.415625 0.41458333333333336 0.4109375 0.4 0.4109375 0.3875 0.4171875 0.3729166666666667
0 0.64375 0.8875 0.6515625 0.9083333333333333 0.6515625 0.925 0.65 0.93125 0.64375 0.9395833333333333 0.63125 0.9395833333333333 0.625 0.9270833333333334 0.621875 0.9125 0.621875 0.9020833333333333 0.625 0.8895833333333333 0.6296875 0.8833333333333333 0.6390625 0.8833333333333333 0.6421875 0.8875
0 0.7328125 0.88125 0.740625 0.8916666666666667 0.7453125 0.90625 0.74375 0.925 0.7375 0.9354166666666667 0.725 0.9354166666666667 0.7203125 0.9291666666666667 0.7140625 0.9104166666666667 0.7140625 0.8958333333333334 0.71875 0.8833333333333333 0.7234375 0.8791666666666667 0.73125 0.88125
0 0.4421875 0.7229166666666667 0.446875 0.7291666666666666 0.45 0.7395833333333334 0.45 0.75625 0.4484375 0.7666666666666667 0.4453125 0.7729166666666667 0.4421875 0.7770833333333333 0.4359375 0.7791666666666667 0.425 0.7729166666666667 0.421875 0.7645833333333333 0.421875 0.7416666666666667 0.4265625 0.7291666666666666 0.43125 0.7229166666666667 0.434375 0.7208333333333333 0.440625 0.7229166666666667
0 0.425 0.06458333333333334 0.43125 0.07083333333333333 0.4359375 0.08333333333333333 0.4359375 0.09583333333333334 0.4375 0.09791666666666667 0.4359375 0.11458333333333333 0.4265625 0.12708333333333333 0.41875 0.12708333333333333 0.4140625 0.12291666666666666 0.40625 0.10208333333333333 0.4078125 0.075 0.4125 0.06666666666666667 0.4234375 0.06458333333333334
0 0.3796875 0.2791666666666667 0.3859375 0.29583333333333334 0.3859375 0.30833333333333335 0.3828125 0.31875 0.375 0.32708333333333334 0.3640625 0.32708333333333334 0.359375 0.3229166666666667 0.3546875 0.3145833333333333 0.353125 0.28958333333333336 0.3546875 0.2833333333333333 0.3640625 0.27291666666666664 0.371875 0.27291666666666664 0.3765625 0.275 0.378125 0.2791666666666667
0 0.6921875 0.0625 0.6984375 0.07083333333333333 0.7 0.07708333333333334 0.7 0.10208333333333333 0.690625 0.11875 0.68125 0.125 0.675 0.12291666666666666 0.6703125 0.11666666666666667 0.6671875 0.10625 0.6671875 0.09583333333333334 0.6734375 0.07291666666666667 0.6828125 0.0625 0.690625 0.0625
0 0.375 0.7333333333333333 0.3796875 0.7291666666666666 0.3859375 0.7291666666666666 0.390625 0.7333333333333333 0.3953125 0.74375 0.3953125 0.7604166666666666 0.3890625 0.78125 0.3859375 0.7854166666666667 0.378125 0.7875 0.36875 0.78125 0.3640625 0.7666666666666667 0.3671875 0.7458333333333333 0.375 0.7354166666666667
0 0.6265625 0.6489583333333333 0.03125 0.05416666666666667
0 0.6359375 0.06041666666666667 0.640625 0.0625 0.64375 0.06875 0.646875 0.0875 0.64375 0.10625 0.6359375 0.11875 0.6328125 0.11875 0.6296875 0.12291666666666666 0.6265625 0.12291666666666666 0.6171875 0.11458333333333333 0.6140625 0.10208333333333333 0.6140625 0.09166666666666666 0.61875 0.07083333333333333 0.625 0.0625 0.6328125 0.058333333333333334 0.634375 0.06041666666666667