0 0.49375 0.7447916666666666 0.02578125 0.05
0 0.534375 0.16770833333333332 0.0265625 0.05
0 0.5 0.08229166666666667 0.02578125 0.05520833333333333
0 0.2453125 0.29270833333333335 0.02734375 0.046875
0 0.534375 0.24270833333333333 0.02734375 0.053125
0 0.5796875 0.7604166666666666 0.03046875 0.05416666666666667
0 0.31875 0.040625 0.02578125 0.051041666666666666
0 0.1671875 0.23020833333333332 0.02890625 0.05
0 0.28046875 0.06145833333333333 0.0265625 0.05416666666666667
0 0.5375 0.8447916666666667 0.02890625 0.05520833333333333
0 0.2296875 0.6270833333333333 0.0296875 0.04895833333333333
0 0.26875 0.459375 0.0296875 0.04895833333333333
0 0.2625 0.246875 0.02734375 0.051041666666666666
0 0.29765625 0.14270833333333333 0.0265625 0.05
0 0.6234375 0.26145833333333335 0.028125 0.051041666666666666
0 0.26796875 0.3177083333333333 0.0265625 0.046875
0 0.2171875 0.37395833333333334 0.02734375 0.04583333333333333
0 0.5625 0.41354166666666664 0.02734375 0.05
0 0.4828125 0.00625 0.021875 0.0125