0 0.5578125 0.16770833333333332 0.02890625 0.05520833333333333
0 0.18203125 0.21041666666666667 0.0265625 0.051041666666666666
0 0.55625 0.24895833333333334 0.0265625 0.05416666666666667
0 0.5421875 0.8791666666666667 0.03046875 0.05520833333333333
0 0.2390625 0.621875 0.02890625 0.051041666666666666
0 0.28125 0.45416666666666666 0.02734375 0.05
0 0.49921875 0.7729166666666667 0.0265625 0.051041666666666666
0 0.2609375 0.28020833333333334 0.02734375 0.046875
0 0.525 0.06979166666666667 0.0296875 0.05520833333333333
0 0.6015625 0.8145833333333333 0.03203125 0.059375
0 0.23203125 0.36354166666666665 0.0296875 0.05
0 0.3140625 0.12604166666666666 0.02734375 0.053125
0 0.65234375 0.27395833333333336 0.03125 0.057291666666666664
0 0.33515625 0.023958333333333335 0.0265625 0.04791666666666667
0 0.41640625 0.6385416666666667 0.0265625 0.04895833333333333
0 0.27578125 0.23020833333333332 0.0265625 0.053125
0 0.58125 0.434375 0.03046875 0.051041666666666666
0 0.2984375 0.036458333333333336 0.02734375 0.05416666666666667
0 0.28125 0.309375 0.02578125 0.04895833333333333