0 0.721875 0.8802083333333334 0.034375 0.0625
0 0.625 0.8854166666666666 0.03125 0.058333333333333334
0 0.525 0.8885416666666667 0.0296875 0.058333333333333334
0 0.48046875 0.8927083333333333 0.0296875 0.058333333333333334
0 0.56796875 0.10833333333333334 0.0296875 0.05416666666666667
0 0.5171875 0.109375 0.028125 0.05416666666666667
0 0.43046875 0.8854166666666666 0.0296875 0.058333333333333334
0 0.6109375 0.10729166666666666 0.0296875 0.05416666666666667
0 0.3234375 0.6229166666666667 0.03125 0.05416666666666667
0 0.4734375 0.10520833333333333 0.028125 0.05416666666666667
0 0.709375 0.3572916666666667 0.03125 0.05416666666666667
0 0.7171875 0.6135416666666667 0.034375 0.05416666666666667
0 0.3234375 0.9052083333333333 0.0328125 0.0625
0 0.3765625 0.8958333333333334 0.03125 0.0625
0 0.6171875 0.359375 0.0296875 0.05
0 0.33125 0.096875 0.03125 0.05625
0 0.659375 0.10833333333333334 0.03125 0.05416666666666667
0 0.41875 0.10208333333333333 0.028125 0.05416666666666667
0 0.6703125 0.7072916666666667 0.03125 0.05416666666666667
0 0.5203125 0.615625 0.028125 0.05
0 0.61953125 0.615625 0.0296875 0.05416666666666667
0 0.703125 0.11354166666666667 0.03125 0.058333333333333334
0 0.425 0.3625 0.0265625 0.05
0 0.6203125 0.7052083333333333 0.03125 0.05416666666666667
0 0.51953125 0.359375 0.028125 0.05
0 0.425 0.6197916666666666 0.028125 0.05
0 0.3765625 0.7145833333333333 0.0296875 0.05416666666666667
0 0.37265625 0.10520833333333333 0.0296875 0.058333333333333334
0 0.51796875 0.271875 0.028125 0.05416666666666667
0 0.32734375 0.36041666666666666 0.03125 0.05416666666666667
0 0.3734375 0.27708333333333335 0.028125 0.05416666666666667
0 0.575 0.8864583333333333 0.0296875 0.058333333333333334