0 0.5671875 0.6739583333333333 0.03125 0.0625
0 0.521875 0.5697916666666667 0.03125 0.058333333333333334
0 0.68203125 0.5927083333333333 0.034375 0.0625
0 0.5421875 0.046875 0.0359375 0.07083333333333333
0 0.6578125 0.06145833333333333 0.0375 0.07083333333333333
0 0.5953125 0.057291666666666664 0.0375 0.075
0 0.3390625 0.6802083333333333 0.0390625 0.06666666666666667
0 0.77578125 0.6875 0.0359375 0.0625
0 0.6046875 0.95625 0.034375 0.06666666666666667
0 0.5078125 0.959375 0.034375 0.07083333333333333
0 0.56875 0.7729166666666667 0.03125 0.0625
0 0.553125 0.9635416666666666 0.034375 0.06666666666666667
0 0.4734375 0.03854166666666667 0.0359375 0.075
0 0.3515625 0.34479166666666666 0.0375 0.06666666666666667
0 0.70703125 0.9697916666666667 0.0328125 0.06041666666666667
0 0.7015625 0.06770833333333333 0.0375 0.07083333333333333
0 0.665625 0.9604166666666667 0.034375 0.06666666666666667
0 0.75625 0.08020833333333334 0.0375 0.07083333333333333
0 0.690625 0.390625 0.0359375 0.0625
0 0.803125 0.4114583333333333 0.0390625 0.0625
0 0.4734375 0.26979166666666665 0.034375 0.0625