0 0.4046875 0.796875 0.0265625 0.051041666666666666
0 0.6421875 0.6729166666666667 0.02734375 0.04583333333333333
0 0.66875 0.621875 0.0265625 0.04583333333333333
0 0.58828125 0.7770833333333333 0.0265625 0.04895833333333333
0 0.61328125 0.7291666666666666 0.0265625 0.046875
0 0.57734375 0.4635416666666667 0.0265625 0.04583333333333333
0 0.5140625 0.5697916666666667 0.02578125 0.04479166666666667
0 0.45859375 0.7885416666666667 0.0265625 0.05
0 0.5625 0.8364583333333333 0.0265625 0.051041666666666666
0 0.46171875 0.6791666666666667 0.025 0.046875
0 0.63671875 0.459375 0.0265625 0.042708333333333334
0 0.5265625 0.8947916666666667 0.02734375 0.053125
0 0.6984375 0.5572916666666666 0.02890625 0.04479166666666667
0 0.4296875 0.09479166666666666 0.02578125 0.05
0 0.725 0.5114583333333333 0.02890625 0.04583333333333333
0 0.634375 0.37395833333333334 0.0265625 0.04583333333333333
0 0.3328125 0.2552083333333333 0.0265625 0.046875
0 0.365625 0.19791666666666666 0.02578125 0.04895833333333333
0 0.5421875 0.19479166666666667 0.02578125 0.04895833333333333
0 0.3015625 0.5104166666666666 0.028125 0.04895833333333333
0 0.27265625 0.36770833333333336 0.028125 0.046875
0 0.3734375 0.5083333333333333 0.0265625 0.046875
0 0.48671875 0.19791666666666666 0.025 0.04895833333333333
0 0.3046875 0.30520833333333336 0.02734375 0.046875
0 0.4875 0.30520833333333336 0.02421875 0.046875
0 0.30234375 0.6177083333333333 0.028125 0.046875
0 0.4296875 0.40729166666666666 0.025 0.04479166666666667
0 0.45625 0.05 0.02421875 0.05
0 0.2390625 0.4166666666666667 0.02890625 0.046875
0 0.39765625 0.14895833333333333 0.025 0.04895833333333333
0 0.20625 0.4739583333333333 0.03046875 0.051041666666666666
0 0.4953125 0.9552083333333333 0.02734375 0.053125