0 0.5671875 0.8916666666666667 0.02890625 0.05520833333333333
0 0.5171875 0.890625 0.02890625 0.057291666666666664
0 0.4734375 0.8947916666666667 0.02890625 0.058333333333333334
0 0.625 0.11458333333333333 0.03203125 0.059375
0 0.48125 0.10729166666666666 0.02890625 0.058333333333333334
0 0.525 0.11145833333333334 0.03046875 0.059375
0 0.61015625 0.8947916666666667 0.0296875 0.05520833333333333
0 0.43046875 0.115625 0.0296875 0.06145833333333333
0 0.721875 0.11979166666666667 0.034375 0.06145833333333333
0 0.52421875 0.290625 0.0296875 0.05416666666666667
0 0.709375 0.6427083333333333 0.03203125 0.05416666666666667
0 0.703125 0.8864583333333333 0.03203125 0.057291666666666664
0 0.33125 0.9020833333333333 0.03046875 0.057291666666666664
0 0.3328125 0.7385416666666667 0.03046875 0.057291666666666664
0 0.425 0.6364583333333333 0.0265625 0.04895833333333333
0 0.6171875 0.640625 0.0296875 0.051041666666666666
0 0.3234375 0.37604166666666666 0.03046875 0.053125
0 0.3234375 0.09479166666666666 0.03203125 0.06145833333333333
0 0.521875 0.559375 0.02734375 0.053125
0 0.71640625 0.38645833333333335 0.0328125 0.05520833333333333
0 0.521875 0.3802083333333333 0.02734375 0.05
0 0.6703125 0.29375 0.03046875 0.05416666666666667
0 0.3203125 0.6364583333333333 0.03046875 0.053125
0 0.6203125 0.2947916666666667 0.03046875 0.053125
0 0.61953125 0.384375 0.028125 0.051041666666666666
0 0.42578125 0.3802083333333333 0.0265625 0.04895833333333333
0 0.575 0.11354166666666667 0.0296875 0.057291666666666664
0 0.4265625 0.284375 0.02734375 0.051041666666666666
0 0.61328125 0.7291666666666666 0.0296875 0.05520833333333333
0 0.5171875 0.728125 0.02734375 0.05416666666666667
0 0.3734375 0.721875 0.02734375 0.053125
0 0.371875 0.8947916666666667 0.02890625 0.058333333333333334