0 0.51796875 0.9135416666666667 0.0296875 0.057291666666666664
0 0.559375 0.8291666666666667 0.02890625 0.058333333333333334
0 0.56328125 0.9072916666666667 0.0296875 0.057291666666666664
0 0.3671875 0.7395833333333334 0.03046875 0.05416666666666667
0 0.5109375 0.296875 0.02890625 0.053125
0 0.365625 0.4 0.03046875 0.053125
0 0.365625 0.653125 0.0296875 0.05416666666666667
0 0.4203125 0.4864583333333333 0.02578125 0.04583333333333333
0 0.7609375 0.6572916666666667 0.03203125 0.05520833333333333
0 0.70859375 0.8354166666666667 0.03125 0.057291666666666664
0 0.559375 0.734375 0.028125 0.05
0 0.46640625 0.6520833333333333 0.0265625 0.051041666666666666
0 0.4609375 0.12395833333333334 0.03046875 0.059375
0 0.5609375 0.21354166666666666 0.02890625 0.05520833333333333
0 0.5140625 0.20729166666666668 0.02890625 0.05416666666666667
0 0.7578125 0.47604166666666664 0.034375 0.05520833333333333
0 0.4640625 0.48125 0.02578125 0.04895833333333333