0 0.6765625 0.6239583333333333 0.03125 0.05416666666666667
0 0.475 0.8885416666666667 0.0296875 0.058333333333333334
0 0.5265625 0.10520833333333333 0.028125 0.058333333333333334
0 0.5203125 0.8927083333333333 0.028125 0.058333333333333334
0 0.28359375 0.6135416666666667 0.0328125 0.05416666666666667
0 0.375 0.8854166666666666 0.03125 0.058333333333333334
0 0.5703125 0.89375 0.03125 0.058333333333333334
0 0.4828125 0.109375 0.028125 0.058333333333333334
0 0.38984375 0.10520833333333333 0.0296875 0.05416666666666667
0 0.575 0.3625 0.028125 0.05
0 0.290625 0.35625 0.03125 0.05416666666666667
0 0.484375 0.18958333333333333 0.028125 0.05416666666666667
0 0.4828125 0.26979166666666665 0.028125 0.05416666666666667
0 0.6796875 0.36354166666666665 0.03125 0.05416666666666667
0 0.67734375 0.27395833333333336 0.03125 0.05625
0 0.5296875 0.19166666666666668 0.028125 0.05416666666666667
0 0.34296875 0.10520833333333333 0.0296875 0.05416666666666667
0 0.32421875 0.871875 0.0328125 0.058333333333333334
0 0.3421875 0.184375 0.03125 0.05416666666666667
0 0.5234375 0.7989583333333333 0.03125 0.058333333333333334
0 0.478125 0.5208333333333334 0.028125 0.05
0 0.4796875 0.44479166666666664 0.028125 0.05
0 0.5765625 0.534375 0.028125 0.05416666666666667
0 0.4265625 0.8864583333333333 0.0296875 0.058333333333333334
0 0.62578125 0.5291666666666667 0.0296875 0.05416666666666667
0 0.4296875 0.7083333333333334 0.03125 0.05416666666666667