0 0.671875 0.5041666666666667 0.028125 0.046875
0 0.2703125 0.565625 0.028125 0.046875
0 0.421875 0.8385416666666666 0.0265625 0.053125
0 0.515625 0.6666666666666666 0.02578125 0.04479166666666667
0 0.51875 0.7802083333333333 0.0265625 0.046875
0 0.33046875 0.678125 0.0265625 0.04895833333333333
0 0.6078125 0.49895833333333334 0.02734375 0.04583333333333333
0 0.33671875 0.346875 0.0265625 0.046875
0 0.3953125 0.446875 0.02578125 0.042708333333333334
0 0.45546875 0.5572916666666666 0.025 0.04479166666666667
0 0.571875 0.7802083333333333 0.0265625 0.05
0 0.45859375 0.9010416666666666 0.0265625 0.057291666666666664
0 0.5484375 0.39895833333333336 0.02578125 0.04583333333333333
0 0.240625 0.5072916666666667 0.02890625 0.04895833333333333
0 0.3375 0.4427083333333333 0.02578125 0.04479166666666667
0 0.7296875 0.403125 0.03046875 0.046875
0 0.39140625 0.784375 0.0265625 0.04895833333333333
0 0.303125 0.6208333333333333 0.02890625 0.05
0 0.6765625 0.6072916666666667 0.02890625 0.04895833333333333
0 0.6328125 0.23541666666666666 0.028125 0.04895833333333333
0 0.6046875 0.18645833333333334 0.0265625 0.04895833333333333
0 0.35625 0.7260416666666667 0.02578125 0.05
0 0.4359375 0.184375 0.025 0.05
0 0.69453125 0.3458333333333333 0.0296875 0.046875
0 0.4921875 0.184375 0.02578125 0.05
0 0.76015625 0.4510416666666667 0.03125 0.04895833333333333
0 0.49140625 0.2989583333333333 0.025 0.04583333333333333
0 0.54375 0.08854166666666667 0.025 0.051041666666666666
0 0.66640625 0.290625 0.028125 0.046875
0 0.5140625 0.03854166666666667 0.025 0.053125
0 0.4890625 0.9614583333333333 0.02890625 0.05416666666666667
0 0.5703125 0.13854166666666667 0.02578125 0.05