0 0.28046875 0.078125 0.0265625 0.05
0 0.3984375 0.8447916666666667 0.03046875 0.05520833333333333
0 0.4578125 0.12604166666666666 0.0265625 0.05
0 0.5 0.12395833333333334 0.02578125 0.04895833333333333
0 0.4921875 0.196875 0.02578125 0.04895833333333333
0 0.49296875 0.26666666666666666 0.0265625 0.05
0 0.11953125 0.25104166666666666 0.0296875 0.05
0 0.2578125 0.16770833333333332 0.02734375 0.05
0 0.4515625 0.7395833333333334 0.02890625 0.05416666666666667
0 0.30390625 0.013541666666666667 0.0265625 0.027083333333333334
0 0.2140625 0.28020833333333334 0.02890625 0.053125
0 0.2421875 0.09270833333333334 0.02578125 0.046875
0 0.66640625 0.453125 0.03125 0.051041666666666666
0 0.21953125 0.47604166666666664 0.0296875 0.053125
0 0.4421875 0.03229166666666667 0.02578125 0.051041666666666666
0 0.5203125 0.4239583333333333 0.02734375 0.051041666666666666
0 0.17265625 0.6510416666666666 0.03125 0.053125
0 0.16875 0.39166666666666666 0.03046875 0.05
0 0.21875 0.3458333333333333 0.03046875 0.05
0 0.4921875 0.8479166666666667 0.02890625 0.05416666666666667
0 0.509375 0.009375 0.02265625 0.017708333333333333
0 0.56171875 0.009375 0.0234375 0.017708333333333333