0 0.484375 0.057291666666666664 0.02578125 0.051041666666666666
0 0.4421875 0.06145833333333333 0.02578125 0.05416666666666667
0 0.5203125 0.06145833333333333 0.02734375 0.051041666666666666
0 0.471875 0.203125 0.02578125 0.05
0 0.39375 0.057291666666666664 0.02578125 0.051041666666666666
0 0.3671875 0.49895833333333334 0.02890625 0.051041666666666666
0 0.296875 0.746875 0.03203125 0.057291666666666664
0 0.2859375 0.328125 0.0296875 0.051041666666666666
0 0.39453125 0.7666666666666667 0.0296875 0.05520833333333333
0 0.2625 0.026041666666666668 0.02890625 0.05
0 0.3578125 0.7614583333333333 0.0296875 0.05416666666666667
0 0.44765625 0.7697916666666667 0.028125 0.053125
0 0.6484375 0.4552083333333333 0.03046875 0.053125
0 0.46796875 0.4947916666666667 0.0296875 0.04895833333333333
0 0.49296875 0.7791666666666667 0.0265625 0.053125
0 0.225 0.04479166666666667 0.0265625 0.05
0 0.2015625 0.23229166666666667 0.02890625 0.051041666666666666
0 0.10703125 0.20833333333333334 0.0296875 0.05
0 0.54765625 0.7916666666666666 0.0296875 0.05520833333333333
0 0.1578125 0.34479166666666666 0.03046875 0.05
0 0.2078125 0.29583333333333334 0.02890625 0.05