0 0.378125 0.190625 0.034375 0.035416666666666666
0 0.49296875 0.21666666666666667 0.0375 0.0375
0 0.20546875 0.2875 0.034375 0.03333333333333333
0 0.6203125 0.159375 0.0375 0.041666666666666664
0 0.32578125 0.5645833333333333 0.0375 0.035416666666666666
0 0.765625 0.44166666666666665 0.04375 0.041666666666666664
0 0.34453125 0.2125 0.0375 0.035416666666666666
0 0.27265625 0.2604166666666667 0.034375 0.03333333333333333
0 0.27421875 0.5625 0.0375 0.03333333333333333
0 0.44375 0.60625 0.040625 0.0375
0 0.4359375 0.15208333333333332 0.0375 0.0375
0 0.33828125 0.09270833333333334 0.034375 0.035416666666666666
0 0.39375 0.21875 0.0375 0.0375
0 0.33203125 0.684375 0.040625 0.03958333333333333
0 0.15 0.315625 0.034375 0.03333333333333333
0 0.21953125 0.5729166666666666 0.0375 0.035416666666666666
0 0.21953125 0.23958333333333334 0.034375 0.03333333333333333
0 0.71015625 0.5166666666666667 0.040625 0.0375
0 0.615625 0.38958333333333334 0.040625 0.0375
0 0.15703125 0.49375 0.0375 0.03333333333333333
0 0.13359375 0.41041666666666665 0.015625 0.029166666666666667
0 0.1328125 0.5833333333333334 0.015625 0.03333333333333333
0 0.13125 0.653125 0.0125 0.03125
0 0.12890625 0.4895833333333333 0.00625 0.029166666666666667