0 0.43359375 0.47708333333333336 0.040625 0.041666666666666664
0 0.56640625 0.8385416666666666 0.04375 0.05
0 0.2828125 0.6791666666666667 0.046875 0.041666666666666664
0 0.28671875 0.39375 0.046875 0.04583333333333333
0 0.36015625 0.5395833333333333 0.046875 0.041666666666666664
0 0.80859375 0.5541666666666667 0.053125 0.04583333333333333
0 0.809375 0.6354166666666666 0.053125 0.04583333333333333
0 0.8015625 0.7666666666666667 0.05 0.04583333333333333
0 0.2875 0.54375 0.046875 0.041666666666666664
0 0.81484375 0.39479166666666665 0.053125 0.04791666666666667
0 0.29453125 0.74375 0.046875 0.04583333333333333
0 0.81484375 0.22708333333333333 0.05625 0.05416666666666667
0 0.5875 0.24583333333333332 0.046875 0.05
0 0.15078125 0.73125 0.046875 0.04583333333333333
0 0.34140625 0.24270833333333333 0.05 0.052083333333333336
0 0.15625 0.5375 0.05 0.04375
0 0.4234375 0.6875 0.046875 0.04583333333333333
0 0.8078125 0.6916666666666667 0.053125 0.05
0 0.16015625 0.6072916666666667 0.05 0.04375
0 0.1578125 0.6770833333333334 0.05 0.04583333333333333
0 0.36171875 0.8114583333333333 0.04375 0.04583333333333333
0 0.8125 0.48333333333333334 0.05 0.04375
0 0.57109375 0.6895833333333333 0.04375 0.04583333333333333
0 0.8140625 0.2989583333333333 0.05625 0.052083333333333336
0 0.15546875 0.471875 0.05 0.04375
0 0.49296875 0.5375 0.04375 0.041666666666666664
0 0.71875 0.628125 0.046875 0.04375