0 0.3234375 0.37604166666666666 0.03125 0.05416666666666667
0 0.525 0.11145833333333334 0.0296875 0.058333333333333334
0 0.71640625 0.38645833333333335 0.0328125 0.05416666666666667
0 0.4796875 0.10729166666666666 0.028125 0.058333333333333334
0 0.625 0.115625 0.03125 0.058333333333333334
0 0.4734375 0.8947916666666667 0.0296875 0.058333333333333334
0 0.709375 0.6427083333333333 0.03125 0.05416666666666667
0 0.52421875 0.46979166666666666 0.028125 0.05
0 0.4296875 0.10520833333333333 0.03125 0.0625
0 0.5171875 0.890625 0.028125 0.05416666666666667
0 0.61015625 0.8947916666666667 0.0296875 0.05416666666666667
0 0.425 0.6375 0.028125 0.05
0 0.515625 0.8114583333333333 0.028125 0.05416666666666667
0 0.32265625 0.7260416666666667 0.03125 0.05416666666666667
0 0.5171875 0.7302083333333333 0.028125 0.05416666666666667
0 0.3203125 0.6385416666666667 0.0296875 0.05416666666666667
0 0.4703125 0.8083333333333333 0.028125 0.05416666666666667
0 0.65703125 0.8947916666666667 0.0296875 0.05416666666666667
0 0.6578125 0.815625 0.03125 0.05416666666666667
0 0.67578125 0.128125 0.0328125 0.06041666666666667
0 0.4234375 0.4666666666666667 0.0265625 0.05
0 0.47734375 0.20104166666666667 0.0296875 0.058333333333333334
0 0.5203125 0.5552083333333333 0.028125 0.05
0 0.4265625 0.284375 0.028125 0.05416666666666667
0 0.5734375 0.11354166666666667 0.028125 0.058333333333333334
0 0.575 0.209375 0.03125 0.058333333333333334
0 0.47578125 0.2916666666666667 0.0296875 0.05416666666666667