0 0.365625 0.06770833333333333 0.02421875 0.046875
0 0.51875 0.015625 0.025 0.030208333333333334
0 0.56640625 0.16979166666666667 0.025 0.04895833333333333
0 0.53125 0.7135416666666666 0.02421875 0.04583333333333333
0 0.5421875 0.6239583333333333 0.02578125 0.04583333333333333
0 0.534375 0.090625 0.025 0.04895833333333333
0 0.325 0.4510416666666667 0.025 0.04583333333333333
0 0.3015625 0.30416666666666664 0.02265625 0.041666666666666664
0 0.38671875 0.007291666666666667 0.0203125 0.014583333333333334
0 0.3484375 0.16145833333333334 0.0234375 0.04583333333333333
0 0.23203125 0.24895833333333334 0.025 0.042708333333333334
0 0.33125 0.08854166666666667 0.02421875 0.046875
0 0.5734375 0.8072916666666666 0.02734375 0.05
0 0.56796875 0.23958333333333334 0.025 0.04895833333333333
0 0.3234375 0.32395833333333335 0.025 0.04583333333333333
0 0.6546875 0.25416666666666665 0.02734375 0.05
0 0.278125 0.3770833333333333 0.02578125 0.04583333333333333
0 0.59453125 0.4010416666666667 0.0265625 0.05
0 0.3171875 0.259375 0.02421875 0.04583333333333333
0 0.29140625 0.6052083333333333 0.0265625 0.04479166666666667