0 0.18984375 0.47708333333333336 0.04375 0.03958333333333333
0 0.253125 0.42083333333333334 0.04375 0.0375
0 0.19453125 0.415625 0.04375 0.03958333333333333
0 0.3203125 0.6770833333333334 0.040625 0.041666666666666664
0 0.575 0.6791666666666667 0.040625 0.041666666666666664
0 0.6515625 0.48541666666666666 0.040625 0.0375
0 0.38515625 0.6791666666666667 0.040625 0.03958333333333333
0 0.2484375 0.221875 0.04375 0.041666666666666664
0 0.38203125 0.15208333333333332 0.040625 0.041666666666666664
0 0.5828125 0.14583333333333334 0.04375 0.04583333333333333
0 0.509375 0.60625 0.034375 0.035416666666666666
0 0.71484375 0.41875 0.040625 0.0375
0 0.3859375 0.5458333333333333 0.0375 0.035416666666666666
0 0.78203125 0.5520833333333334 0.04375 0.041666666666666664
0 0.71953125 0.48125 0.040625 0.0375
0 0.32421875 0.42083333333333334 0.0375 0.0375
0 0.5140625 0.5479166666666667 0.0375 0.03333333333333333