0 0.634375 0.19166666666666668 0.0265625 0.05
0 0.5828125 0.18958333333333333 0.025 0.05
0 0.4625 0.18541666666666667 0.025 0.04583333333333333
0 0.4515625 0.4739583333333333 0.025 0.041666666666666664
0 0.5765625 0.2864583333333333 0.025 0.04583333333333333
0 0.51171875 0.37916666666666665 0.0234375 0.04583333333333333
0 0.3890625 0.5552083333333333 0.025 0.04583333333333333
0 0.725 0.46458333333333335 0.03125 0.05
0 0.4046875 0.26979166666666665 0.025 0.04583333333333333
0 0.34375 0.36770833333333336 0.025 0.04583333333333333
0 0.65546875 0.4552083333333333 0.0296875 0.04583333333333333
0 0.39375 0.46979166666666666 0.025 0.04583333333333333
0 0.5953125 0.5489583333333333 0.025 0.04583333333333333
0 0.43671875 0.22395833333333334 0.025 0.041666666666666664
0 0.55625 0.04583333333333333 0.025 0.04583333333333333
0 0.525 0.09270833333333334 0.025 0.04583333333333333
0 0.6890625 0.7229166666666667 0.0296875 0.05
0 0.81875 0.515625 0.03125 0.05
0 0.7859375 0.5677083333333334 0.03125 0.05
0 0.7515625 0.6114583333333333 0.03125 0.05
0 0.71953125 0.6729166666666667 0.0296875 0.05
0 0.5265625 0.7604166666666666 0.025 0.05
0 0.46953125 0.7541666666666667 0.025 0.04583333333333333
0 0.53203125 0.646875 0.025 0.04583333333333333
0 0.72578125 0.3614583333333333 0.0296875 0.04583333333333333
0 0.3125 0.409375 0.025 0.041666666666666664
0 0.61875 0.8260416666666667 0.028125 0.05
0 0.37578125 0.31145833333333334 0.0234375 0.041666666666666664
0 0.65390625 0.778125 0.0296875 0.05
0 0.4890625 0.13854166666666667 0.0234375 0.04583333333333333
0 0.58203125 0.8802083333333334 0.0265625 0.05416666666666667
0 0.55078125 0.9302083333333333 0.0265625 0.05416666666666667