0 0.3125 0.6833333333333333 0.3171875 0.6895833333333333 0.31875 0.6958333333333333 0.31875 0.7104166666666667 0.3140625 0.725 0.3046875 0.7354166666666667 0.2984375 0.7354166666666667 0.2921875 0.73125 0.2875 0.71875 0.2875 0.7041666666666667 0.2953125 0.6875 0.303125 0.68125 0.3109375 0.6833333333333333
0 0.490625 0.30416666666666664 0.49375 0.3020833333333333 0.5015625 0.30833333333333335 0.50625 0.32083333333333336 0.50625 0.33541666666666664 0.5015625 0.34791666666666665 0.496875 0.35208333333333336 0.4890625 0.35 0.48125 0.33541666666666664 0.48125 0.3229166666666667 0.4828125 0.31666666666666665 0.490625 0.30625
0 0.3234375 0.9229166666666667 0.3296875 0.9333333333333333 0.328125 0.9604166666666667 0.3265625 0.96875 0.31875 0.9791666666666666 0.3140625 0.98125 0.303125 0.9729166666666667 0.3 0.9625 0.3 0.9479166666666666 0.309375 0.925 0.3140625 0.9208333333333333 0.321875 0.9229166666666667
0 0.4890625 0.4041666666666667 0.49375 0.4 0.5 0.4 0.5078125 0.4083333333333333 0.5109375 0.4166666666666667 0.5078125 0.4375 0.5 0.44583333333333336 0.4921875 0.44375 0.4875 0.4375 0.4859375 0.43125 0.4859375 0.4125 0.4890625 0.40625
0 0.2875 0.14166666666666666 0.2921875 0.15 0.296875 0.16666666666666666 0.2953125 0.18125 0.2875 0.19375 0.278125 0.19375 0.2703125 0.18541666666666667 0.265625 0.17291666666666666 0.265625 0.1625 0.2640625 0.16041666666666668 0.265625 0.15 0.271875 0.13958333333333334 0.2828125 0.1375 0.2859375 0.14166666666666666
0 0.3 0.42083333333333334 0.0328125 0.05416666666666667
0 0.5921875 0.625 0.59375 0.63125 0.5984375 0.6375 0.6 0.6541666666666667 0.596875 0.6645833333333333 0.5890625 0.6729166666666667 0.584375 0.6729166666666667 0.5765625 0.6645833333333333 0.5734375 0.6583333333333333 0.571875 0.6458333333333334 0.5734375 0.64375 0.5734375 0.6333333333333333 0.5796875 0.625 0.5828125 0.6229166666666667 0.590625 0.625
0 0.415625 0.5708333333333333 0.4203125 0.58125 0.4203125 0.6 0.4171875 0.6083333333333333 0.409375 0.6166666666666667 0.3984375 0.6145833333333334 0.3921875 0.6020833333333333 0.3921875 0.5875 0.3953125 0.575 0.4 0.56875 0.4109375 0.5666666666666667 0.4140625 0.5708333333333333
0 0.5140625 0.8875 0.521875 0.90625 0.521875 0.9270833333333334 0.51875 0.9354166666666667 0.5109375 0.9416666666666667 0.503125 0.9395833333333333 0.5 0.9354166666666667 0.496875 0.9270833333333334 0.4953125 0.9104166666666667 0.5 0.8916666666666667 0.5046875 0.8854166666666666 0.5125 0.8875
0 0.6765625 0.11875 0.6828125 0.13333333333333333 0.6828125 0.14791666666666667 0.68125 0.15625 0.66875 0.17083333333333334 0.6625 0.17083333333333334 0.65625 0.16458333333333333 0.653125 0.14791666666666667 0.659375 0.125 0.6671875 0.11666666666666667 0.675 0.11875
0 0.6828125 0.9104166666666667 0.675 0.8895833333333333 0.675 0.875 0.6828125 0.8604166666666667 0.69375 0.8625 0.7015625 0.875 0.703125 0.88125 0.703125 0.9020833333333333 0.7 0.9104166666666667 0.6921875 0.9145833333333333 0.684375 0.9104166666666667
0 0.5671875 0.12083333333333333 0.5703125 0.11875 0.5796875 0.12083333333333333 0.584375 0.125 0.5875 0.13541666666666666 0.5875 0.15208333333333332 0.584375 0.16041666666666668 0.5765625 0.17291666666666666 0.56875 0.17291666666666666 0.5640625 0.16875 0.5609375 0.15833333333333333 0.5625 0.13125 0.5671875 0.12291666666666666
0 0.590625 0.38333333333333336 0.596875 0.39166666666666666 0.5984375 0.4125 0.5921875 0.4270833333333333 0.5875 0.42916666666666664 0.5828125 0.42916666666666664 0.575 0.42083333333333334 0.5734375 0.4166666666666667 0.5734375 0.3958333333333333 0.58125 0.3854166666666667 0.5890625 0.38333333333333336
0 0.4796875 0.12916666666666668 0.484375 0.125 0.4921875 0.125 0.496875 0.12916666666666668 0.5015625 0.15 0.4984375 0.16666666666666666 0.49375 0.17708333333333334 0.4890625 0.17916666666666667 0.48125 0.17708333333333334 0.475 0.16458333333333333 0.475 0.14166666666666666 0.4796875 0.13125
0 0.4484375 0.12708333333333333 0.4546875 0.1375 0.45625 0.16041666666666668 0.4515625 0.17291666666666666 0.44375 0.17916666666666667 0.434375 0.17291666666666666 0.4296875 0.15833333333333333 0.4296875 0.14375 0.43125 0.13541666666666666 0.4359375 0.12708333333333333 0.4390625 0.125 0.446875 0.12708333333333333
0 0.6109375 0.16875 0.6078125 0.16041666666666668 0.6078125 0.1375 0.6171875 0.12083333333333333 0.628125 0.12083333333333333 0.6328125 0.12708333333333333 0.634375 0.14791666666666667 0.6328125 0.15625 0.6265625 0.16875 0.621875 0.17291666666666666 0.615625 0.17291666666666666 0.6125 0.16875
0 0.653125 0.875 0.6609375 0.89375 0.6609375 0.9104166666666667 0.6578125 0.91875 0.65 0.925 0.6421875 0.9229166666666667 0.6390625 0.91875 0.634375 0.9041666666666667 0.6328125 0.8895833333333333 0.6359375 0.8791666666666667 0.6421875 0.8708333333333333 0.6484375 0.8708333333333333 0.6515625 0.875
0 0.64375 0.7041666666666667 0.65 0.7145833333333333 0.653125 0.725 0.6515625 0.7416666666666667 0.64375 0.7520833333333333 0.6359375 0.7520833333333333 0.6296875 0.74375 0.625 0.73125 0.625 0.7208333333333333 0.628125 0.7083333333333334 0.6359375 0.7 0.6421875 0.7041666666666667
0 0.33125 0.1375 0.340625 0.15833333333333333 0.340625 0.17708333333333334 0.334375 0.18958333333333333 0.3265625 0.19166666666666668 0.3171875 0.18541666666666667 0.3140625 0.17916666666666667 0.3109375 0.17083333333333334 0.309375 0.15416666666666667 0.3125 0.14166666666666666 0.3171875 0.13541666666666666 0.3234375 0.13333333333333333 0.3296875 0.1375
0 0.396875 0.42604166666666665 0.03125 0.05
0 0.54375 0.11875 0.55 0.12708333333333333 0.553125 0.13958333333333334 0.5515625 0.14166666666666666 0.5515625 0.15208333333333332 0.546875 0.16458333333333333 0.540625 0.17291666666666666 0.5359375 0.17291666666666666 0.528125 0.16458333333333333 0.525 0.15625 0.525 0.1375 0.5296875 0.125 0.534375 0.11875 0.5375 0.11666666666666667 0.5421875 0.11875
0 0.6859375 0.6208333333333333 0.69375 0.6375 0.69375 0.6479166666666667 0.6890625 0.6604166666666667 0.684375 0.6645833333333333 0.6765625 0.6645833333333333 0.671875 0.6604166666666667 0.665625 0.6479166666666667 0.6671875 0.6229166666666667 0.671875 0.6166666666666667 0.68125 0.6166666666666667 0.684375 0.6208333333333333
0 0.6828125 0.4010416666666667 0.03125 0.04583333333333333
0 0.5609375 0.8791666666666667 0.565625 0.8875 0.56875 0.9104166666666667 0.5640625 0.9270833333333334 0.559375 0.93125 0.5515625 0.93125 0.546875 0.9270833333333334 0.5421875 0.9145833333333333 0.5421875 0.8916666666666667 0.5453125 0.8833333333333333 0.553125 0.875 0.55625 0.875 0.559375 0.8791666666666667
0 0.503125 0.6375 0.5078125 0.6416666666666667 0.5078125 0.6458333333333334 0.5125 0.6541666666666667 0.5140625 0.66875 0.5109375 0.6791666666666667 0.5 0.6895833333333333 0.4890625 0.6791666666666667 0.4875 0.6520833333333333 0.4921875 0.6416666666666667 0.496875 0.6375 0.5015625 0.6375
0 0.603125 0.8729166666666667 0.6109375 0.8791666666666667 0.6171875 0.8958333333333334 0.6171875 0.9125 0.615625 0.91875 0.609375 0.9270833333333334 0.6 0.9270833333333334 0.59375 0.91875 0.590625 0.9083333333333333 0.590625 0.8875 0.59375 0.8791666666666667 0.6015625 0.8729166666666667
0 0.3875 0.15729166666666666 0.0296875 0.058333333333333334
0 0.4734375 0.8958333333333334 0.478125 0.925 0.475 0.9395833333333333 0.46875 0.9479166666666666 0.459375 0.9479166666666666 0.4546875 0.94375 0.45 0.925 0.4515625 0.9229166666666667 0.4515625 0.9083333333333333 0.4546875 0.9 0.4609375 0.8916666666666667 0.46875 0.8916666666666667 0.471875 0.8958333333333334
0 0.3453125 0.31666666666666665 0.3546875 0.3333333333333333 0.3546875 0.35208333333333336 0.34375 0.36666666666666664 0.3328125 0.3645833333333333 0.325 0.35 0.325 0.32916666666666666 0.3265625 0.325 0.3328125 0.31666666666666665 0.34375 0.31666666666666665
0 0.425 0.9041666666666667 0.428125 0.9125 0.428125 0.9395833333333333 0.425 0.9479166666666666 0.4171875 0.95625 0.409375 0.95625 0.4046875 0.9520833333333333 0.4 0.9375 0.4 0.93125 0.403125 0.9125 0.4109375 0.9 0.4203125 0.9 0.4234375 0.9041666666666667
0 0.3640625 0.75 0.3703125 0.7625 0.3703125 0.7791666666666667 0.3671875 0.79375 0.3578125 0.8041666666666667 0.3515625 0.8041666666666667 0.34375 0.7979166666666667 0.340625 0.775 0.3421875 0.7666666666666667 0.3484375 0.7541666666666667 0.3578125 0.7479166666666667 0.3625 0.75
0 0.3578125 0.9125 0.3609375 0.9104166666666667 0.3703125 0.9125 0.375 0.9229166666666667 0.3765625 0.9333333333333333 0.3734375 0.9541666666666667 0.3671875 0.9645833333333333 0.3625 0.96875 0.3578125 0.96875 0.3515625 0.9645833333333333 0.346875 0.9520833333333333 0.346875 0.9375 0.3515625 0.9208333333333333 0.3578125 0.9145833333333333