0 0.47578125 0.9697916666666667 0.0296875 0.058333333333333334
0 0.175 0.7708333333333334 0.03125 0.05416666666666667
0 0.428125 0.9666666666666667 0.0296875 0.058333333333333334
0 0.66328125 0.628125 0.034375 0.058333333333333334
0 0.51484375 0.9677083333333333 0.0296875 0.058333333333333334
0 0.3796875 0.18958333333333333 0.03125 0.058333333333333334
0 0.65 0.43020833333333336 0.034375 0.058333333333333334
0 0.46171875 0.8072916666666666 0.0296875 0.058333333333333334
0 0.1328125 0.646875 0.0328125 0.05416666666666667
0 0.31171875 0.653125 0.03125 0.05416666666666667
0 0.353125 0.5614583333333333 0.0296875 0.05
0 0.37578125 0.9697916666666667 0.0296875 0.058333333333333334
0 0.4515625 0.4635416666666667 0.028125 0.05416666666666667
0 0.4375 0.378125 0.028125 0.05
0 0.48125 0.17604166666666668 0.0296875 0.05416666666666667
0 0.45859375 0.721875 0.028125 0.05416666666666667
0 0.2796875 0.8177083333333334 0.03125 0.05416666666666667
0 0.34140625 0.19583333333333333 0.03125 0.058333333333333334
0 0.1828125 0.6989583333333333 0.03125 0.05416666666666667
0 0.19609375 0.9770833333333333 0.0296875 0.04583333333333333
0 0.434375 0.18645833333333334 0.03125 0.058333333333333334
0 0.23515625 0.9885416666666667 0.0296875 0.022916666666666665