0 0.4734375 0.10520833333333333 0.028125 0.05416666666666667
0 0.61015625 0.10520833333333333 0.0296875 0.05416666666666667
0 0.5171875 0.10833333333333334 0.028125 0.05416666666666667
0 0.32265625 0.2760416666666667 0.03125 0.058333333333333334
0 0.3203125 0.36354166666666665 0.03125 0.05416666666666667
0 0.5171875 0.26979166666666665 0.028125 0.058333333333333334
0 0.709375 0.35833333333333334 0.03125 0.05416666666666667
0 0.51484375 0.18958333333333333 0.028125 0.05416666666666667
0 0.4703125 0.19270833333333334 0.028125 0.05416666666666667
0 0.425 0.36354166666666665 0.025 0.05
0 0.65625 0.10729166666666666 0.03125 0.05416666666666667
0 0.7171875 0.6145833333333334 0.0328125 0.058333333333333334
0 0.5234375 0.5302083333333333 0.028125 0.05
0 0.65703125 0.184375 0.0296875 0.05416666666666667
0 0.3234375 0.6239583333333333 0.03125 0.05416666666666667
0 0.675 0.8708333333333333 0.03125 0.058333333333333334
0 0.625 0.8864583333333333 0.03125 0.058333333333333334
0 0.51953125 0.44479166666666664 0.0265625 0.05
0 0.3734375 0.528125 0.028125 0.05
0 0.56875 0.7083333333333334 0.03125 0.05416666666666667
0 0.4234375 0.5333333333333333 0.0265625 0.05
0 0.4796875 0.8947916666666667 0.028125 0.05416666666666667
0 0.475 0.7072916666666667 0.0296875 0.05416666666666667
0 0.525 0.8895833333333333 0.0296875 0.058333333333333334
0 0.428125 0.8947916666666667 0.03125 0.058333333333333334
0 0.5734375 0.8885416666666667 0.028125 0.058333333333333334
0 0.4765625 0.8010416666666667 0.0296875 0.058333333333333334