0 0.525 0.11145833333333334 0.0296875 0.058333333333333334
0 0.625 0.11458333333333333 0.03125 0.058333333333333334
0 0.4734375 0.8947916666666667 0.028125 0.058333333333333334
0 0.6171875 0.471875 0.0296875 0.05
0 0.3234375 0.37604166666666666 0.03125 0.05416666666666667
0 0.48046875 0.10729166666666666 0.0296875 0.058333333333333334
0 0.47578125 0.46979166666666666 0.0265625 0.05
0 0.5171875 0.890625 0.028125 0.058333333333333334
0 0.71640625 0.38645833333333335 0.0328125 0.05416666666666667
0 0.378125 0.09895833333333333 0.03125 0.0625
0 0.709375 0.6427083333333333 0.03125 0.05416666666666667
0 0.51875 0.640625 0.028125 0.05416666666666667
0 0.6109375 0.8947916666666667 0.03125 0.05416666666666667
0 0.6171875 0.640625 0.028125 0.05
0 0.675 0.11145833333333334 0.03125 0.0625
0 0.65703125 0.8927083333333333 0.0296875 0.05416666666666667
0 0.425 0.6375 0.0265625 0.05
0 0.521875 0.3802083333333333 0.028125 0.05416666666666667
0 0.425 0.37916666666666665 0.028125 0.05
0 0.42578125 0.2833333333333333 0.028125 0.05416666666666667
0 0.3203125 0.6385416666666667 0.0296875 0.05416666666666667
0 0.5171875 0.7302083333333333 0.028125 0.05416666666666667
0 0.32265625 0.8135416666666667 0.03125 0.05416666666666667
0 0.515625 0.8114583333333333 0.028125 0.05416666666666667
0 0.3234375 0.7260416666666667 0.03125 0.05416666666666667
0 0.659375 0.7270833333333333 0.03125 0.05416666666666667
0 0.428125 0.10520833333333333 0.03125 0.0625
0 0.5734375 0.11354166666666667 0.03125 0.058333333333333334
0 0.5203125 0.55625 0.0265625 0.05