0 0.64453125 0.7854166666666667 0.040625 0.04375
0 0.83828125 0.5208333333333334 0.04375 0.0375
0 0.71015625 0.71875 0.046875 0.04375
0 0.72109375 0.6583333333333333 0.04375 0.041666666666666664
0 0.71796875 0.3104166666666667 0.046875 0.04583333333333333
0 0.58515625 0.6666666666666666 0.04375 0.041666666666666664
0 0.7140625 0.5270833333333333 0.04375 0.041666666666666664
0 0.8390625 0.45729166666666665 0.046875 0.041666666666666664
0 0.83828125 0.6541666666666667 0.046875 0.041666666666666664
0 0.83671875 0.5854166666666667 0.046875 0.041666666666666664
0 0.66015625 0.23958333333333334 0.046875 0.04583333333333333
0 0.64453125 0.525 0.040625 0.041666666666666664
0 0.225 0.7458333333333333 0.046875 0.04375
0 0.84765625 0.7072916666666667 0.04375 0.041666666666666664
0 0.84609375 0.24791666666666667 0.05 0.04583333333333333
0 0.44453125 0.66875 0.040625 0.041666666666666664
0 0.21640625 0.61875 0.046875 0.041666666666666664
0 0.30234375 0.7520833333333333 0.04375 0.04583333333333333
0 0.21015625 0.47291666666666665 0.05 0.041666666666666664
0 0.20703125 0.38645833333333335 0.05 0.04583333333333333
0 0.44921875 0.8104166666666667 0.040625 0.04375
0 0.43203125 0.38333333333333336 0.040625 0.041666666666666664
0 0.21640625 0.5416666666666666 0.046875 0.041666666666666664
0 0.20625 0.22708333333333333 0.053125 0.05
0 0.20859375 0.2947916666666667 0.05 0.04791666666666667
0 0.58359375 0.38125 0.04375 0.041666666666666664
0 0.42421875 0.24375 0.046875 0.05
0 0.51484375 0.53125 0.040625 0.0375
0 0.36953125 0.5385416666666667 0.040625 0.03958333333333333
0 0.21953125 0.675 0.04375 0.041666666666666664