0 0.6546875 0.6666666666666666 0.6625 0.6791666666666667 0.6640625 0.7041666666666667 0.6625 0.7104166666666667 0.65625 0.71875 0.65 0.7208333333333333 0.6421875 0.71875 0.6359375 0.7104166666666667 0.63125 0.69375 0.63125 0.675 0.6375 0.6625 0.6453125 0.6604166666666667 0.653125 0.6666666666666666
0 0.3515625 0.2708333333333333 0.365625 0.27291666666666664 0.3734375 0.28125 0.3765625 0.2916666666666667 0.3765625 0.30833333333333335 0.3703125 0.3229166666666667 0.365625 0.325 0.3515625 0.3229166666666667 0.3453125 0.3104166666666667 0.34375 0.3 0.3453125 0.28125 0.3515625 0.27291666666666664
0 0.23125 0.75 0.240625 0.7666666666666667 0.240625 0.7854166666666667 0.2375 0.79375 0.225 0.8083333333333333 0.21875 0.8083333333333333 0.209375 0.7979166666666667 0.2078125 0.7708333333333334 0.2171875 0.7541666666666667 0.221875 0.75 0.2296875 0.75
0 0.4171875 0.79375 0.4109375 0.7770833333333333 0.4109375 0.7666666666666667 0.4171875 0.7458333333333333 0.425 0.7375 0.43125 0.7375 0.440625 0.75 0.4421875 0.775 0.4375 0.7895833333333333 0.4328125 0.7958333333333333 0.4234375 0.7979166666666667 0.41875 0.79375
0 0.4390625 0.9229166666666667 0.44375 0.925 0.4515625 0.9395833333333333 0.45 0.9729166666666667 0.4421875 0.9854166666666667 0.43125 0.9854166666666667 0.4234375 0.9729166666666667 0.421875 0.9645833333333333 0.4234375 0.9416666666666667 0.428125 0.9291666666666667 0.43125 0.925 0.4375 0.9229166666666667
0 0.4359375 0.64375 0.4421875 0.6520833333333333 0.4453125 0.66875 0.4421875 0.6895833333333333 0.4328125 0.7 0.4265625 0.7 0.41875 0.69375 0.4140625 0.6791666666666667 0.4140625 0.6666666666666666 0.4171875 0.6541666666666667 0.421875 0.6458333333333334 0.425 0.6458333333333334 0.428125 0.6416666666666667 0.434375 0.64375
0 0.0859375 0.5458333333333333 0.0921875 0.5583333333333333 0.0921875 0.5770833333333333 0.084375 0.5895833333333333 0.08125 0.5895833333333333 0.078125 0.59375 0.0671875 0.59375 0.0640625 0.5895833333333333 0.0578125 0.5729166666666666 0.0578125 0.5625 0.059375 0.5541666666666667 0.065625 0.5458333333333333 0.0734375 0.5416666666666666 0.08125 0.5416666666666666 0.084375 0.5458333333333333
0 0.3 0.9291666666666667 0.303125 0.9333333333333333 0.30625 0.9458333333333333 0.3046875 0.9645833333333333 0.3 0.9770833333333333 0.2921875 0.9854166666666667 0.284375 0.9854166666666667 0.2765625 0.9770833333333333 0.2734375 0.9645833333333333 0.2734375 0.9541666666666667 0.284375 0.9291666666666667 0.290625 0.925 0.2984375 0.9291666666666667
0 0.6515625 0.3416666666666667 0.6578125 0.35833333333333334 0.6578125 0.375 0.6515625 0.38958333333333334 0.64375 0.3958333333333333 0.6328125 0.39375 0.6265625 0.3854166666666667 0.6234375 0.3770833333333333 0.6234375 0.35833333333333334 0.6265625 0.35 0.6375 0.3375 0.646875 0.3375 0.65 0.3416666666666667
0 0.3140625 0.05416666666666667 0.321875 0.06458333333333334 0.328125 0.08541666666666667 0.3265625 0.10625 0.3171875 0.11875 0.3125 0.11875 0.3015625 0.11041666666666666 0.29375 0.09375 0.29375 0.06666666666666667 0.2953125 0.0625 0.3015625 0.05416666666666667 0.3125 0.05416666666666667
0 0.3203125 0.36875 0.328125 0.375 0.33125 0.38333333333333336 0.3328125 0.40208333333333335 0.328125 0.41458333333333336 0.3171875 0.42291666666666666 0.30625 0.41875 0.303125 0.41458333333333336 0.2984375 0.40208333333333335 0.2984375 0.39166666666666666 0.3 0.38958333333333334 0.3 0.37916666666666665 0.3046875 0.37083333333333335 0.3109375 0.36666666666666664 0.31875 0.36875
0 0.41875 0.05 0.425 0.0625 0.428125 0.09375 0.425 0.10416666666666667 0.415625 0.11458333333333333 0.40625 0.11041666666666666 0.396875 0.09375 0.3953125 0.06458333333333334 0.396875 0.058333333333333334 0.403125 0.05 0.4109375 0.04583333333333333 0.4171875 0.05
0 0.4671875 0.041666666666666664 0.475 0.05 0.478125 0.0625 0.478125 0.08958333333333333 0.475 0.09791666666666667 0.4671875 0.10625 0.459375 0.10625 0.4515625 0.09375 0.446875 0.07916666666666666 0.4484375 0.058333333333333334 0.4515625 0.05 0.4578125 0.041666666666666664 0.465625 0.041666666666666664
0 0.259375 0.0625 0.26875 0.075 0.2734375 0.0875 0.2734375 0.09791666666666667 0.275 0.1 0.271875 0.11875 0.2625 0.12708333333333333 0.246875 0.11875 0.2390625 0.1 0.240625 0.07083333333333333 0.246875 0.0625 0.2578125 0.0625
0 0.471875 0.925 0.478125 0.9208333333333333 0.484375 0.9208333333333333 0.4921875 0.9291666666666667 0.4953125 0.9375 0.4953125 0.9645833333333333 0.4921875 0.975 0.4859375 0.9833333333333333 0.4765625 0.9833333333333333 0.46875 0.975 0.465625 0.9645833333333333 0.4671875 0.9395833333333333 0.471875 0.9270833333333334
0 0.3546875 0.04791666666666667 0.365625 0.0625 0.36875 0.07708333333333334 0.3671875 0.10208333333333333 0.359375 0.1125 0.346875 0.11041666666666666 0.340625 0.10208333333333333 0.334375 0.08541666666666667 0.334375 0.06666666666666667 0.3375 0.05625 0.3484375 0.04583333333333333 0.353125 0.04791666666666667
0 0.2328125 0.6479166666666667 0.2375 0.65 0.24375 0.6625 0.24375 0.6833333333333333 0.2359375 0.6979166666666666 0.23125 0.7020833333333333 0.2203125 0.7020833333333333 0.215625 0.6979166666666666 0.2109375 0.6854166666666667 0.2109375 0.66875 0.2140625 0.6583333333333333 0.2265625 0.6479166666666667 0.23125 0.6479166666666667
0 0.2125 0.3770833333333333 0.2203125 0.3854166666666667 0.2234375 0.39791666666666664 0.2234375 0.41041666666666665 0.2203125 0.42083333333333334 0.215625 0.4270833333333333 0.209375 0.42916666666666664 0.2 0.42916666666666664 0.1921875 0.42291666666666666 0.1875 0.41041666666666665 0.1875 0.38958333333333334 0.1921875 0.37916666666666665 0.1984375 0.375 0.209375 0.375 0.2109375 0.3770833333333333
0 0.54375 0.7375 0.55 0.74375 0.5546875 0.7645833333333333 0.553125 0.7666666666666667 0.553125 0.78125 0.55 0.7895833333333333 0.5421875 0.7958333333333333 0.53125 0.79375 0.5234375 0.7770833333333333 0.5234375 0.7583333333333333 0.5265625 0.74375 0.534375 0.7354166666666667 0.5421875 0.7375
0 0.396875 0.9166666666666666 0.4015625 0.925 0.4015625 0.95 0.3984375 0.9625 0.390625 0.9729166666666667 0.3828125 0.9729166666666667 0.375 0.9645833333333333 0.371875 0.95625 0.371875 0.9375 0.375 0.93125 0.3765625 0.9208333333333333 0.3828125 0.9125 0.3921875 0.9125 0.3953125 0.9166666666666666
0 0.5921875 0.0375 0.5984375 0.035416666666666666 0.6078125 0.0375 0.6109375 0.041666666666666664 0.6171875 0.0625 0.615625 0.07916666666666666 0.609375 0.09583333333333334 0.6046875 0.10208333333333333 0.6 0.10416666666666667 0.590625 0.10208333333333333 0.5828125 0.08958333333333333 0.5828125 0.0625 0.5859375 0.04791666666666667 0.5921875 0.03958333333333333
0 0.3375 0.9166666666666666 0.34375 0.9270833333333334 0.3453125 0.9395833333333333 0.3390625 0.9666666666666667 0.334375 0.9729166666666667 0.3296875 0.975 0.321875 0.9729166666666667 0.315625 0.9645833333333333 0.3125 0.9541666666666667 0.3125 0.9458333333333333 0.3171875 0.9291666666666667 0.325 0.9166666666666666 0.328125 0.9145833333333333 0.3359375 0.9166666666666666
0 0.484375 0.55 0.4890625 0.5583333333333333 0.490625 0.5770833333333333 0.4875 0.5895833333333333 0.478125 0.6 0.471875 0.6 0.4640625 0.59375 0.4609375 0.5854166666666667 0.4609375 0.5666666666666667 0.4625 0.5583333333333333 0.46875 0.55 0.475 0.5479166666666667 0.4828125 0.55
0 0.5359375 0.0375 0.54375 0.05416666666666667 0.5453125 0.06666666666666667 0.540625 0.09375 0.53125 0.10416666666666667 0.521875 0.10208333333333333 0.515625 0.09166666666666666 0.5125 0.07708333333333334 0.5125 0.06041666666666667 0.51875 0.041666666666666664 0.528125 0.035416666666666666 0.534375 0.0375
0 0.3265625 0.5625 0.334375 0.575 0.3359375 0.59375 0.3328125 0.60625 0.3234375 0.6166666666666667 0.3109375 0.6145833333333334 0.30625 0.6083333333333333 0.303125 0.5979166666666667 0.303125 0.5833333333333334 0.3109375 0.5666666666666667 0.3140625 0.5666666666666667 0.3171875 0.5625 0.325 0.5625