0 0.79609375 0.46458333333333335 0.04375 0.0375
0 0.4140625 0.7895833333333333 0.040625 0.041666666666666664
0 0.60234375 0.4 0.040625 0.035416666666666666
0 0.73515625 0.2635416666666667 0.04375 0.041666666666666664
0 0.79296875 0.5229166666666667 0.040625 0.0375
0 0.47890625 0.65625 0.0375 0.03958333333333333
0 0.79453125 0.6479166666666667 0.040625 0.041666666666666664
0 0.60703125 0.7791666666666667 0.040625 0.041666666666666664
0 0.60546875 0.525 0.040625 0.03958333333333333
0 0.66796875 0.2635416666666667 0.04375 0.041666666666666664
0 0.47734375 0.46770833333333334 0.0375 0.035416666666666666
0 0.6046875 0.65625 0.0375 0.03958333333333333
0 0.79453125 0.7083333333333334 0.040625 0.041666666666666664
0 0.60390625 0.2604166666666667 0.04375 0.041666666666666664
0 0.67265625 0.5229166666666667 0.040625 0.0375
0 0.7328125 0.521875 0.040625 0.0375
0 0.54140625 0.5260416666666666 0.040625 0.035416666666666666
0 0.4734375 0.39791666666666664 0.0375 0.035416666666666666
0 0.73515625 0.7104166666666667 0.040625 0.041666666666666664
0 0.20859375 0.73125 0.04375 0.041666666666666664
0 0.40546875 0.26458333333333334 0.0375 0.041666666666666664
0 0.21015625 0.6666666666666666 0.04375 0.041666666666666664
0 0.41015625 0.5270833333333333 0.040625 0.0375
0 0.19765625 0.33541666666666664 0.046875 0.041666666666666664
0 0.20390625 0.47291666666666665 0.040625 0.0375
0 0.3375 0.4 0.040625 0.0375
0 0.2078125 0.5333333333333333 0.04375 0.03958333333333333
0 0.20859375 0.5989583333333334 0.04375 0.03958333333333333
0 0.203125 0.4041666666666667 0.04375 0.0375