0 0.5484375 0.19791666666666666 0.028125 0.05416666666666667
0 0.34609375 0.37395833333333334 0.0328125 0.058333333333333334
0 0.5828125 0.03854166666666667 0.0296875 0.058333333333333334
0 0.6265625 0.8197916666666667 0.03125 0.0625
0 0.55 0.284375 0.028125 0.05416666666666667
0 0.665625 0.815625 0.0328125 0.0625
0 0.4953125 0.036458333333333336 0.0296875 0.058333333333333334
0 0.3578125 0.5708333333333333 0.0328125 0.05416666666666667
0 0.5359375 0.03333333333333333 0.0296875 0.058333333333333334
0 0.63515625 0.035416666666666666 0.0296875 0.058333333333333334
0 0.525 0.8302083333333333 0.03125 0.058333333333333334
0 0.878125 0.36354166666666665 0.0328125 0.05416666666666667
0 0.696875 0.353125 0.03125 0.05416666666666667
0 0.83515625 0.23854166666666668 0.03125 0.05416666666666667
0 0.571875 0.821875 0.03125 0.0625
0 0.46875 0.84375 0.03125 0.058333333333333334
0 0.65546875 0.44583333333333336 0.03125 0.05416666666666667
0 0.55703125 0.5427083333333333 0.03125 0.05416666666666667
0 0.828125 0.3104166666666667 0.03125 0.05416666666666667
0 0.7296875 0.18854166666666666 0.03125 0.05416666666666667
0 0.77578125 0.015625 0.0296875 0.03125
0 0.815625 0.028125 0.03125 0.05416666666666667