0 0.47421875 0.971875 0.0296875 0.05416666666666667
0 0.42734375 0.965625 0.028125 0.058333333333333334
0 0.3515625 0.47604166666666664 0.03125 0.05416666666666667
0 0.5140625 0.9708333333333333 0.0296875 0.05416666666666667
0 0.375 0.9708333333333333 0.03125 0.05416666666666667
0 0.31796875 0.653125 0.03125 0.058333333333333334
0 0.46171875 0.8083333333333333 0.0296875 0.05416666666666667
0 0.28125 0.815625 0.03125 0.058333333333333334
0 0.38515625 0.18854166666666666 0.03125 0.058333333333333334
0 0.440625 0.18645833333333334 0.03125 0.058333333333333334
0 0.54375 0.16458333333333333 0.03125 0.058333333333333334
0 0.3453125 0.19479166666666667 0.03125 0.058333333333333334
0 0.48671875 0.17708333333333334 0.0296875 0.058333333333333334
0 0.45859375 0.484375 0.028125 0.05
0 0.0765625 0.7864583333333334 0.03125 0.05416666666666667
0 0.23515625 0.9864583333333333 0.0296875 0.027083333333333334
0 0.6546875 0.5270833333333333 0.03125 0.05416666666666667
0 0.1953125 0.975 0.028125 0.05
0 0.1328125 0.6416666666666667 0.03125 0.05416666666666667
0 0.175 0.7645833333333333 0.03125 0.05416666666666667
0 0.18203125 0.6947916666666667 0.03125 0.05416666666666667