0 0.625 0.11458333333333333 0.03203125 0.059375
0 0.721875 0.11979166666666667 0.034375 0.06145833333333333
0 0.525 0.11145833333333334 0.0296875 0.059375
0 0.48125 0.10833333333333334 0.02890625 0.058333333333333334
0 0.5171875 0.890625 0.028125 0.05520833333333333
0 0.56796875 0.8916666666666667 0.0296875 0.05520833333333333
0 0.43046875 0.115625 0.0296875 0.059375
0 0.3234375 0.37604166666666666 0.03046875 0.053125
0 0.6109375 0.8927083333333333 0.0296875 0.05520833333333333
0 0.3234375 0.09583333333333334 0.0328125 0.06145833333333333
0 0.4734375 0.8947916666666667 0.028125 0.05520833333333333
0 0.3765625 0.10520833333333333 0.03203125 0.0625
0 0.6171875 0.640625 0.0296875 0.051041666666666666
0 0.709375 0.6427083333333333 0.03203125 0.05416666666666667
0 0.41953125 0.8979166666666667 0.028125 0.05416666666666667
0 0.425 0.6385416666666667 0.0265625 0.04895833333333333
0 0.33125 0.903125 0.03046875 0.05520833333333333
0 0.659375 0.8916666666666667 0.03046875 0.05520833333333333
0 0.61875 0.384375 0.02890625 0.053125
0 0.52109375 0.3854166666666667 0.028125 0.051041666666666666
0 0.6703125 0.29375 0.03125 0.05416666666666667
0 0.71640625 0.38645833333333335 0.034375 0.05520833333333333
0 0.6203125 0.2947916666666667 0.03046875 0.05416666666666667
0 0.5203125 0.6416666666666667 0.02734375 0.05
0 0.425 0.3802083333333333 0.02578125 0.05
0 0.3765625 0.2864583333333333 0.02890625 0.053125
0 0.703125 0.8864583333333333 0.03203125 0.057291666666666664
0 0.5171875 0.7291666666666666 0.028125 0.053125
0 0.37265625 0.89375 0.0296875 0.057291666666666664
0 0.5734375 0.11354166666666667 0.03046875 0.058333333333333334
0 0.32734375 0.6385416666666667 0.0296875 0.053125
0 0.37421875 0.7229166666666667 0.028125 0.051041666666666666