0 0.5171875 0.9135416666666667 0.0296875 0.057291666666666664
0 0.5640625 0.9072916666666667 0.03046875 0.057291666666666664
0 0.559375 0.8291666666666667 0.02890625 0.058333333333333334
0 0.3671875 0.7385416666666667 0.03046875 0.05520833333333333
0 0.365625 0.653125 0.02890625 0.051041666666666666
0 0.465625 0.12916666666666668 0.03125 0.06145833333333333
0 0.7609375 0.6572916666666667 0.03203125 0.05520833333333333
0 0.70859375 0.8354166666666667 0.03125 0.057291666666666664
0 0.46640625 0.653125 0.0265625 0.051041666666666666
0 0.5109375 0.296875 0.02890625 0.053125
0 0.5609375 0.21354166666666666 0.02890625 0.05520833333333333
0 0.36640625 0.4010416666666667 0.0296875 0.051041666666666666
0 0.5125 0.22604166666666667 0.0296875 0.05520833333333333
0 0.559375 0.7354166666666667 0.02890625 0.05416666666666667
0 0.4203125 0.4875 0.0265625 0.046875
0 0.7578125 0.478125 0.03515625 0.05520833333333333