0 0.3234375 0.37604166666666666 0.03125 0.053125
0 0.525 0.11145833333333334 0.03125 0.059375
0 0.625 0.11458333333333333 0.03125 0.059375
0 0.6171875 0.471875 0.0296875 0.051041666666666666
0 0.4734375 0.8947916666666667 0.02890625 0.059375
0 0.48046875 0.10729166666666666 0.0296875 0.059375
0 0.5171875 0.890625 0.02890625 0.057291666666666664
0 0.378125 0.09895833333333333 0.03125 0.0625
0 0.6171875 0.640625 0.0296875 0.051041666666666666
0 0.71640625 0.38645833333333335 0.0328125 0.05520833333333333
0 0.709375 0.6427083333333333 0.03203125 0.053125
0 0.51875 0.640625 0.02890625 0.053125
0 0.61015625 0.8947916666666667 0.0296875 0.05520833333333333
0 0.425 0.6375 0.02734375 0.05
0 0.4234375 0.465625 0.0265625 0.04895833333333333
0 0.67421875 0.11041666666666666 0.03125 0.059375
0 0.521875 0.3802083333333333 0.02890625 0.053125
0 0.3203125 0.6385416666666667 0.0296875 0.05416666666666667
0 0.65703125 0.89375 0.0296875 0.05416666666666667
0 0.5171875 0.7302083333333333 0.028125 0.05520833333333333
0 0.32265625 0.8135416666666667 0.03125 0.05520833333333333
0 0.428125 0.10625 0.02890625 0.059375
0 0.4265625 0.284375 0.02890625 0.05416666666666667
0 0.515625 0.8104166666666667 0.028125 0.051041666666666666
0 0.32265625 0.725 0.03125 0.058333333333333334
0 0.5203125 0.5572916666666666 0.02734375 0.05
0 0.5734375 0.11354166666666667 0.02890625 0.057291666666666664
0 0.6578125 0.8135416666666667 0.03046875 0.05520833333333333
0 0.575 0.209375 0.03046875 0.057291666666666664