0 0.83203125 0.475 0.0375 0.03333333333333333
0 0.83671875 0.6458333333333334 0.0375 0.03333333333333333
0 0.4453125 0.6916666666666667 0.0375 0.041666666666666664
0 0.82890625 0.409375 0.040625 0.035416666666666666
0 0.83203125 0.5791666666666667 0.0375 0.03333333333333333
0 0.8578125 0.8208333333333333 0.034375 0.0375
0 0.834375 0.5229166666666667 0.0375 0.03333333333333333
0 0.30078125 0.69375 0.040625 0.041666666666666664
0 0.29765625 0.6447916666666667 0.040625 0.0375
0 0.31328125 0.7770833333333333 0.04375 0.041666666666666664
0 0.2953125 0.575 0.040625 0.0375
0 0.28984375 0.5125 0.040625 0.0375
0 0.53359375 0.3020833333333333 0.040625 0.041666666666666664
0 0.28046875 0.440625 0.040625 0.03958333333333333
0 0.61640625 0.5416666666666666 0.0375 0.035416666666666666
0 0.50546875 0.5458333333333333 0.034375 0.0375
0 0.84609375 0.8729166666666667 0.0375 0.035416666666666666
0 0.70546875 0.9041666666666667 0.040625 0.041666666666666664
0 0.65703125 0.896875 0.0375 0.03958333333333333
0 0.6203125 0.9625 0.0375 0.041666666666666664