0 0.77734375 0.48125 0.040625 0.0375
0 0.72109375 0.47708333333333336 0.040625 0.0375
0 0.83984375 0.528125 0.040625 0.0375
0 0.2625 0.590625 0.04375 0.03958333333333333
0 0.8546875 0.7729166666666667 0.040625 0.0375
0 0.259375 0.5416666666666666 0.046875 0.041666666666666664
0 0.71328125 0.353125 0.040625 0.03958333333333333
0 0.70390625 0.9739583333333334 0.0375 0.03958333333333333
0 0.66328125 0.86875 0.0375 0.0375
0 0.70234375 0.8479166666666667 0.040625 0.0375
0 0.778125 0.8 0.040625 0.0375
0 0.83828125 0.8239583333333333 0.040625 0.035416666666666666
0 0.39296875 0.453125 0.040625 0.03958333333333333
0 0.59140625 0.434375 0.040625 0.03958333333333333
0 0.53984375 0.8375 0.0375 0.03958333333333333
0 0.64609375 0.8395833333333333 0.0375 0.0375
0 0.40546875 0.8916666666666667 0.040625 0.041666666666666664
0 0.6 0.9072916666666667 0.0375 0.03958333333333333