0 0.2171875 0.5145833333333333 0.040625 0.0375
0 0.16015625 0.5229166666666667 0.040625 0.0375
0 0.16328125 0.396875 0.040625 0.0375
0 0.165625 0.46458333333333335 0.040625 0.0375
0 0.27890625 0.5104166666666666 0.040625 0.0375
0 0.56875 0.35833333333333334 0.0375 0.0375
0 0.71875 0.35520833333333335 0.040625 0.041666666666666664
0 0.2921875 0.014583333333333334 0.0375 0.029166666666666667
0 0.14453125 0.215625 0.0375 0.03958333333333333
0 0.7234375 0.48333333333333334 0.04375 0.0375
0 0.39375 0.5 0.040625 0.035416666666666666
0 0.72890625 0.5479166666666667 0.04375 0.041666666666666664
0 0.59140625 0.1 0.040625 0.041666666666666664
0 0.5125 0.49895833333333334 0.0375 0.035416666666666666
0 0.73984375 0.6239583333333333 0.046875 0.04375
0 0.47109375 0.7635416666666667 0.04375 0.04583333333333333
0 0.1609375 0.16458333333333333 0.040625 0.0375
0 0.7234375 0.4166666666666667 0.04375 0.041666666666666664
0 0.3953125 0.08125 0.0375 0.041666666666666664
0 0.30546875 0.13541666666666666 0.0375 0.0375
0 0.3578125 0.14791666666666667 0.0375 0.041666666666666664