0 0.17578125 0.6791666666666667 0.034375 0.03333333333333333
0 0.13671875 0.475 0.021875 0.03333333333333333
0 0.25234375 0.4114583333333333 0.0375 0.03333333333333333
0 0.66015625 0.4583333333333333 0.034375 0.03333333333333333
0 0.59296875 0.44375 0.034375 0.03333333333333333
0 0.19296875 0.45416666666666666 0.0375 0.03333333333333333
0 0.46328125 0.7333333333333333 0.034375 0.03333333333333333
0 0.353125 0.7645833333333333 0.03125 0.029166666666666667
0 0.13046875 0.6510416666666666 0.0109375 0.027083333333333334
0 0.24609375 0.7020833333333333 0.034375 0.03125
0 0.31171875 0.8572916666666667 0.03125 0.03333333333333333
0 0.19140625 0.725 0.034375 0.03125
0 0.73046875 0.40208333333333335 0.0375 0.0375
0 0.3046875 0.409375 0.0375 0.03333333333333333
0 0.36796875 0.7354166666666667 0.034375 0.03333333333333333
0 0.315625 0.29375 0.0375 0.0375
0 0.4078125 0.7958333333333333 0.034375 0.03333333333333333
0 0.42578125 0.37395833333333334 0.0375 0.035416666666666666
0 0.31953125 0.74375 0.034375 0.03333333333333333
0 0.57890625 0.778125 0.034375 0.035416666666666666