0 0.79609375 0.5354166666666667 0.04375 0.03958333333333333
0 0.60234375 0.6 0.0375 0.035416666666666666
0 0.79375 0.47708333333333336 0.040625 0.0375
0 0.60234375 0.7395833333333334 0.040625 0.041666666666666664
0 0.60546875 0.475 0.040625 0.03958333333333333
0 0.73515625 0.7364583333333333 0.04375 0.041666666666666664
0 0.66796875 0.7375 0.04375 0.041666666666666664
0 0.6046875 0.34375 0.0375 0.03958333333333333
0 0.60625 0.22083333333333333 0.040625 0.041666666666666664
0 0.79453125 0.353125 0.040625 0.03958333333333333
0 0.4140625 0.21041666666666667 0.04375 0.04375
0 0.47890625 0.34375 0.0375 0.03958333333333333
0 0.79453125 0.2916666666666667 0.040625 0.041666666666666664
0 0.67265625 0.47708333333333336 0.040625 0.0375
0 0.7328125 0.478125 0.040625 0.0375
0 0.20859375 0.26875 0.04375 0.04375
0 0.20859375 0.3333333333333333 0.04375 0.041666666666666664
0 0.54140625 0.4739583333333333 0.0375 0.035416666666666666
0 0.19765625 0.6635416666666667 0.046875 0.041666666666666664
0 0.73515625 0.28958333333333336 0.040625 0.041666666666666664
0 0.41015625 0.47291666666666665 0.040625 0.0375
0 0.20390625 0.5270833333333333 0.040625 0.0375
0 0.40546875 0.7354166666666667 0.0375 0.041666666666666664
0 0.4734375 0.6020833333333333 0.0375 0.035416666666666666
0 0.33828125 0.5979166666666667 0.040625 0.0375
0 0.2734375 0.534375 0.04375 0.03958333333333333
0 0.2078125 0.4666666666666667 0.04375 0.03958333333333333
0 0.203125 0.5958333333333333 0.04375 0.0375
0 0.20859375 0.4 0.04375 0.041666666666666664