0 0.496875 0.7291666666666666 0.034375 0.0375
0 0.45078125 0.19375 0.034375 0.0375
0 0.24609375 0.3958333333333333 0.040625 0.035416666666666666
0 0.375 0.5208333333333334 0.034375 0.03333333333333333
0 0.28984375 0.525 0.034375 0.035416666666666666
0 0.36640625 0.27395833333333336 0.0375 0.035416666666666666
0 0.50078125 0.64375 0.034375 0.0375
0 0.61484375 0.28229166666666666 0.034375 0.035416666666666666
0 0.53984375 0.36041666666666666 0.03125 0.03333333333333333
0 0.45703125 0.440625 0.034375 0.03333333333333333
0 0.28984375 0.5958333333333333 0.0375 0.035416666666666666
0 0.19921875 0.44479166666666664 0.04375 0.035416666666666666
0 0.57578125 0.5645833333333333 0.034375 0.03333333333333333
0 0.49453125 0.15416666666666667 0.0375 0.0375
0 0.54296875 0.2833333333333333 0.034375 0.03333333333333333
0 0.57265625 0.80625 0.034375 0.041666666666666664
0 0.28671875 0.35520833333333335 0.0375 0.035416666666666666
0 0.409375 0.2375 0.0375 0.0375
0 0.41953125 0.7354166666666667 0.0375 0.0375
0 0.6984375 0.6770833333333334 0.0375 0.0375
0 0.73515625 0.6395833333333333 0.0375 0.035416666666666666
0 0.33046875 0.30833333333333335 0.0375 0.03333333333333333
0 0.73671875 0.41458333333333336 0.0375 0.03333333333333333
0 0.615625 0.759375 0.034375 0.03958333333333333
0 0.73671875 0.4895833333333333 0.0375 0.03333333333333333
0 0.53671875 0.846875 0.0375 0.041666666666666664
0 0.65078125 0.48854166666666665 0.034375 0.03333333333333333
0 0.80859375 0.5583333333333333 0.0375 0.03333333333333333
0 0.65703125 0.721875 0.034375 0.0375
0 0.84609375 0.51875 0.040625 0.03333333333333333
0 0.15390625 0.48541666666666666 0.040625 0.03958333333333333
0 0.77109375 0.59375 0.0375 0.03333333333333333