0 0.78671875 0.5666666666666667 0.040625 0.0375
0 0.73046875 0.5677083333333334 0.040625 0.03958333333333333
0 0.85234375 0.521875 0.040625 0.0375
0 0.7453125 0.059375 0.0375 0.03958333333333333
0 0.28046875 0.42916666666666664 0.040625 0.0375
0 0.27421875 0.48125 0.04375 0.041666666666666664
0 0.71640625 0.6916666666666667 0.04375 0.041666666666666664
0 0.69765625 0.16458333333333333 0.0375 0.03333333333333333
0 0.73203125 0.18958333333333333 0.040625 0.0375
0 0.80703125 0.24166666666666667 0.040625 0.0375
0 0.8625 0.22291666666666668 0.025 0.0375
0 0.57109375 0.190625 0.040625 0.03958333333333333
0 0.63671875 0.12291666666666666 0.0375 0.0375
0 0.440625 0.128125 0.040625 0.041666666666666664
0 0.67734375 0.19375 0.040625 0.0375
0 0.41640625 0.5166666666666667 0.040625 0.0375
0 0.6 0.603125 0.040625 0.03958333333333333
0 0.86796875 0.275 0.0125 0.03333333333333333