0 0.7890625 0.3333333333333333 0.04375 0.041666666666666664
0 0.78515625 0.20520833333333333 0.046875 0.04583333333333333
0 0.78828125 0.5927083333333333 0.046875 0.03958333333333333
0 0.65625 0.46770833333333334 0.040625 0.03958333333333333
0 0.79453125 0.525 0.04375 0.0375
0 0.79140625 0.4666666666666667 0.04375 0.03958333333333333
0 0.65390625 0.275 0.040625 0.041666666666666664
0 0.20390625 0.353125 0.040625 0.03958333333333333
0 0.20390625 0.5354166666666667 0.04375 0.0375
0 0.20703125 0.47708333333333336 0.04375 0.0375
0 0.20625 0.41041666666666665 0.040625 0.0375
0 0.32578125 0.5979166666666667 0.0375 0.03333333333333333
0 0.39765625 0.6 0.0375 0.035416666666666666
0 0.59296875 0.7354166666666667 0.040625 0.041666666666666664
0 0.39140625 0.475 0.0375 0.0375
0 0.39453125 0.34375 0.0375 0.03958333333333333
0 0.321875 0.7239583333333334 0.040625 0.03958333333333333
0 0.52109375 0.34375 0.0375 0.0375
0 0.58515625 0.21145833333333333 0.040625 0.04375
0 0.5890625 0.4708333333333333 0.0375 0.0375
0 0.39296875 0.22083333333333333 0.040625 0.041666666666666664
0 0.21015625 0.22916666666666666 0.04375 0.041666666666666664
0 0.4546875 0.4708333333333333 0.0375 0.0375
0 0.80390625 0.7354166666666667 0.046875 0.04375
0 0.58984375 0.6 0.0375 0.03333333333333333
0 0.19765625 0.7270833333333333 0.040625 0.041666666666666664
0 0.51796875 0.40208333333333335 0.0375 0.0375
0 0.328125 0.47708333333333336 0.040625 0.0375
0 0.39765625 0.7395833333333334 0.040625 0.0375
0 0.53203125 0.6677083333333333 0.0375 0.035416666666666666
0 0.6625 0.5979166666666667 0.0375 0.0375
0 0.78984375 0.40208333333333335 0.04375 0.03958333333333333