0 0.2109375 0.76875 0.04375 0.041666666666666664
0 0.19921875 0.27291666666666664 0.04375 0.041666666666666664
0 0.20703125 0.521875 0.040625 0.0375
0 0.20390625 0.46458333333333335 0.040625 0.0375
0 0.20546875 0.5895833333333333 0.040625 0.0375
0 0.20546875 0.646875 0.040625 0.03958333333333333
0 0.39140625 0.525 0.0375 0.035416666666666666
0 0.58515625 0.7895833333333333 0.040625 0.04583333333333333
0 0.4546875 0.5270833333333333 0.0375 0.0375
0 0.65546875 0.725 0.040625 0.041666666666666664
0 0.32109375 0.275 0.04375 0.041666666666666664
0 0.39765625 0.4 0.0375 0.03333333333333333
0 0.3953125 0.65625 0.0375 0.03958333333333333
0 0.521875 0.65625 0.0375 0.0375
0 0.39296875 0.7791666666666667 0.040625 0.041666666666666664
0 0.78671875 0.79375 0.04375 0.04583333333333333
0 0.3984375 0.2604166666666667 0.040625 0.0375
0 0.328125 0.5229166666666667 0.040625 0.0375
0 0.6578125 0.53125 0.0375 0.0375
0 0.52265625 0.4666666666666667 0.0375 0.03333333333333333
0 0.78984375 0.6666666666666666 0.04375 0.041666666666666664
0 0.78984375 0.40729166666666666 0.04375 0.03958333333333333
0 0.59453125 0.26458333333333334 0.0375 0.0375
0 0.66171875 0.4010416666666667 0.0375 0.035416666666666666
0 0.79609375 0.4739583333333333 0.04375 0.03958333333333333
0 0.58984375 0.5270833333333333 0.0375 0.0375
0 0.78984375 0.5979166666666667 0.04375 0.03958333333333333
0 0.79140625 0.5333333333333333 0.04375 0.03958333333333333
0 0.80390625 0.26458333333333334 0.04375 0.04375
0 0.32265625 0.39791666666666664 0.0375 0.035416666666666666
0 0.59140625 0.4 0.0375 0.03333333333333333