0 0.6515625 0.2791666666666667 0.6578125 0.28125 0.6640625 0.28958333333333336 0.665625 0.3125 0.6625 0.325 0.65625 0.3333333333333333 0.646875 0.33958333333333335 0.6390625 0.3375 0.6359375 0.3333333333333333 0.6328125 0.325 0.6328125 0.30625 0.6375 0.28958333333333336 0.64375 0.28125 0.65 0.2791666666666667
0 0.35 0.725 0.3453125 0.7125 0.346875 0.6895833333333333 0.353125 0.6770833333333334 0.359375 0.675 0.3671875 0.675 0.375 0.68125 0.378125 0.6916666666666667 0.378125 0.7083333333333334 0.375 0.71875 0.3640625 0.7291666666666666 0.353125 0.7291666666666666 0.3515625 0.725
0 0.2265625 0.19166666666666668 0.2390625 0.20625 0.2421875 0.21458333333333332 0.2421875 0.23333333333333334 0.2328125 0.25 0.2234375 0.25 0.21875 0.24583333333333332 0.209375 0.22916666666666666 0.2109375 0.20208333333333334 0.2171875 0.19375 0.225 0.19166666666666668
0 0.43125 0.20208333333333334 0.4390625 0.21041666666666667 0.44375 0.225 0.4421875 0.25 0.4328125 0.2625 0.4265625 0.2625 0.41875 0.25416666666666665 0.4125 0.23333333333333334 0.4125 0.22291666666666668 0.41875 0.20625 0.425 0.20208333333333334 0.4296875 0.20208333333333334
0 0.4328125 0.014583333333333334 0.44375 0.014583333333333334 0.45 0.022916666666666665 0.453125 0.035416666666666666 0.453125 0.06041666666666667 0.4484375 0.07083333333333333 0.440625 0.07708333333333334 0.4328125 0.075 0.425 0.058333333333333334 0.4234375 0.04791666666666667 0.425 0.027083333333333334 0.4328125 0.016666666666666666
0 0.434375 0.3 0.44375 0.3104166666666667 0.446875 0.33125 0.44375 0.34791666666666665 0.440625 0.3541666666666667 0.434375 0.35833333333333334 0.4296875 0.35833333333333334 0.4265625 0.3541666666666667 0.4234375 0.3541666666666667 0.4203125 0.35 0.415625 0.3333333333333333 0.415625 0.32083333333333336 0.4203125 0.30625 0.4234375 0.3020833333333333 0.4328125 0.3
0 0.06875 0.40625 0.0796875 0.40625 0.0828125 0.41041666666666665 0.0859375 0.41041666666666665 0.09375 0.42291666666666666 0.09375 0.44166666666666665 0.0875 0.45416666666666666 0.0828125 0.4583333333333333 0.075 0.4583333333333333 0.0671875 0.45416666666666666 0.0609375 0.44583333333333336 0.059375 0.4270833333333333 0.0625 0.4166666666666667 0.06875 0.4083333333333333
0 0.296875 0.016666666666666666 0.3015625 0.022916666666666665 0.30625 0.035416666666666666 0.3078125 0.05416666666666667 0.3046875 0.06666666666666667 0.29375 0.075 0.2828125 0.06666666666666667 0.2765625 0.052083333333333336 0.275 0.035416666666666666 0.278125 0.022916666666666665 0.28125 0.01875 0.2859375 0.014583333333333334 0.29375 0.014583333333333334 0.2953125 0.016666666666666666
0 0.6453125 0.6041666666666666 0.653125 0.6104166666666667 0.659375 0.625 0.6578125 0.6479166666666667 0.653125 0.6583333333333333 0.6484375 0.6625 0.6390625 0.6625 0.628125 0.65 0.625 0.6416666666666667 0.625 0.6229166666666667 0.628125 0.6145833333333334 0.634375 0.60625 0.64375 0.6041666666666666
0 0.3234375 0.8854166666666666 0.3296875 0.9 0.3296875 0.9145833333333333 0.3234375 0.9354166666666667 0.315625 0.9458333333333333 0.303125 0.9458333333333333 0.296875 0.9375 0.2953125 0.9333333333333333 0.2953125 0.90625 0.3 0.89375 0.3078125 0.8854166666666666 0.3140625 0.88125 0.31875 0.88125 0.321875 0.8854166666666666
0 0.31875 0.5770833333333333 0.3265625 0.58125 0.334375 0.5979166666666667 0.3328125 0.6166666666666667 0.3296875 0.625 0.31875 0.6333333333333333 0.3125 0.6333333333333333 0.30625 0.6291666666666667 0.3015625 0.6208333333333333 0.3015625 0.6104166666666667 0.3 0.6083333333333333 0.3015625 0.5916666666666667 0.3078125 0.58125 0.3171875 0.5791666666666667
0 0.4171875 0.8854166666666666 0.4265625 0.8958333333333334 0.4296875 0.90625 0.4296875 0.9166666666666666 0.425 0.9416666666666667 0.4203125 0.95 0.4125 0.9541666666666667 0.4046875 0.95 0.3984375 0.9416666666666667 0.396875 0.9145833333333333 0.3984375 0.90625 0.4046875 0.89375 0.415625 0.8854166666666666
0 0.471875 0.8958333333333334 0.4796875 0.9104166666666667 0.4796875 0.9375 0.4765625 0.95 0.46875 0.9583333333333334 0.459375 0.9583333333333334 0.453125 0.95 0.45 0.9416666666666667 0.4484375 0.9208333333333333 0.453125 0.90625 0.4609375 0.89375 0.46875 0.89375 0.4703125 0.8958333333333334
0 0.2640625 0.8729166666666667 0.2734375 0.88125 0.2765625 0.9 0.275 0.9020833333333333 0.275 0.9125 0.2703125 0.925 0.2609375 0.9375 0.2484375 0.9375 0.2421875 0.9291666666666667 0.240625 0.9 0.2484375 0.88125 0.2625 0.8729166666666667
0 0.4875 0.016666666666666666 0.490625 0.01875 0.496875 0.035416666666666666 0.496875 0.0625 0.49375 0.07083333333333333 0.4859375 0.07916666666666666 0.4796875 0.07916666666666666 0.4734375 0.075 0.4671875 0.05 0.4671875 0.035416666666666666 0.4703125 0.025 0.478125 0.016666666666666666 0.4859375 0.016666666666666666
0 0.3640625 0.8895833333333333 0.3703125 0.9041666666666667 0.3703125 0.9229166666666667 0.3671875 0.9375 0.359375 0.95 0.353125 0.9541666666666667 0.34375 0.95 0.3390625 0.94375 0.3359375 0.9333333333333333 0.3359375 0.9145833333333333 0.3390625 0.9041666666666667 0.3484375 0.8895833333333333 0.353125 0.8875 0.3609375 0.8875 0.3625 0.8895833333333333
0 0.2171875 0.3020833333333333 0.221875 0.29791666666666666 0.2328125 0.29791666666666666 0.2375 0.3020833333333333 0.2453125 0.31666666666666665 0.2453125 0.3375 0.2421875 0.3458333333333333 0.2390625 0.35 0.228125 0.35208333333333336 0.215625 0.3416666666666667 0.2125 0.33125 0.2125 0.3145833333333333 0.2171875 0.30416666666666664
0 0.2109375 0.5708333333333333 0.2171875 0.5729166666666666 0.221875 0.5791666666666667 0.225 0.5895833333333333 0.225 0.6020833333333333 0.221875 0.6145833333333334 0.2109375 0.625 0.2 0.625 0.19375 0.6208333333333333 0.1890625 0.6104166666666667 0.1890625 0.5895833333333333 0.19375 0.5770833333333333 0.2015625 0.5708333333333333 0.209375 0.5708333333333333
0 0.54375 0.20416666666666666 0.5515625 0.21041666666666667 0.5546875 0.21875 0.55625 0.2375 0.5515625 0.25625 0.5421875 0.26458333333333334 0.5328125 0.2625 0.528125 0.25625 0.525 0.24166666666666667 0.5265625 0.21666666666666667 0.5328125 0.20625 0.5421875 0.20416666666666666
0 0.396875 0.03125 0.403125 0.05 0.403125 0.075 0.39375 0.0875 0.384375 0.0875 0.378125 0.07916666666666666 0.3765625 0.06875 0.3734375 0.0625 0.3734375 0.04375 0.3765625 0.035416666666666666 0.384375 0.027083333333333334 0.3921875 0.027083333333333334 0.3953125 0.03125
0 0.6015625 0.8958333333333334 0.60625 0.8979166666666667 0.6140625 0.9104166666666667 0.61875 0.9354166666666667 0.6125 0.9583333333333334 0.6046875 0.9645833333333333 0.59375 0.9625 0.5875 0.9520833333333333 0.584375 0.9375 0.584375 0.9104166666666667 0.5921875 0.8979166666666667 0.6 0.8958333333333334
0 0.3296875 0.053125 0.034375 0.0625
0 0.4796875 0.4 0.4890625 0.41041666666666665 0.4921875 0.42291666666666666 0.4890625 0.44583333333333336 0.4859375 0.45 0.4796875 0.45208333333333334 0.4703125 0.45 0.4640625 0.44166666666666665 0.4625 0.43333333333333335 0.4625 0.41458333333333336 0.465625 0.40625 0.46875 0.40208333333333335 0.478125 0.4
0 0.5328125 0.8958333333333334 0.5421875 0.90625 0.546875 0.9354166666666667 0.540625 0.9583333333333334 0.5375 0.9625 0.53125 0.9645833333333333 0.5203125 0.9583333333333334 0.5140625 0.9395833333333333 0.5140625 0.9229166666666667 0.5171875 0.9083333333333333 0.5234375 0.8979166666666667 0.53125 0.8958333333333334
0 0.328125 0.3854166666666667 0.334375 0.39375 0.3375 0.40625 0.3359375 0.425 0.328125 0.4375 0.31875 0.4375 0.315625 0.43333333333333335 0.3125 0.43333333333333335 0.3046875 0.4166666666666667 0.3046875 0.40208333333333335 0.3078125 0.39166666666666666 0.3125 0.3854166666666667 0.3171875 0.38333333333333336 0.325 0.38333333333333336 0.3265625 0.3854166666666667