0 0.3265625 0.675 0.3328125 0.6875 0.3328125 0.7 0.325 0.7229166666666667 0.315625 0.7291666666666666 0.3078125 0.7270833333333333 0.3015625 0.71875 0.3 0.69375 0.303125 0.6854166666666667 0.3109375 0.675 0.3171875 0.6708333333333333 0.321875 0.6708333333333333 0.325 0.675
0 0.5953125 0.07083333333333333 0.6 0.075 0.603125 0.08333333333333333 0.6046875 0.10625 0.596875 0.12708333333333333 0.59375 0.13125 0.5875 0.13333333333333333 0.58125 0.13125 0.575 0.12291666666666666 0.5734375 0.09375 0.5765625 0.08333333333333333 0.5859375 0.07083333333333333 0.59375 0.07083333333333333
0 0.3296875 0.9229166666666667 0.3359375 0.9291666666666667 0.3390625 0.9375 0.3390625 0.9541666666666667 0.334375 0.9729166666666667 0.328125 0.98125 0.3234375 0.9833333333333333 0.315625 0.98125 0.309375 0.9729166666666667 0.3078125 0.96875 0.3078125 0.95 0.315625 0.9291666666666667 0.3234375 0.9208333333333333 0.328125 0.9229166666666667
0 0.5296875 0.6479166666666667 0.5375 0.65625 0.5421875 0.675 0.540625 0.6875 0.5328125 0.7020833333333333 0.5203125 0.7020833333333333 0.5125 0.6833333333333333 0.5140625 0.6604166666666667 0.5203125 0.65 0.528125 0.6479166666666667
0 0.30625 0.07916666666666666 0.3109375 0.08333333333333333 0.3203125 0.10625 0.31875 0.13125 0.309375 0.14166666666666666 0.2984375 0.13958333333333334 0.2890625 0.12708333333333333 0.2859375 0.11875 0.2859375 0.09375 0.2890625 0.08541666666666667 0.29375 0.07916666666666666 0.3046875 0.07916666666666666
0 0.321875 0.3645833333333333 0.33125 0.375 0.334375 0.38333333333333336 0.334375 0.39791666666666664 0.33125 0.40625 0.321875 0.41875 0.3125 0.41875 0.3078125 0.41458333333333336 0.3 0.39791666666666664 0.3 0.38333333333333336 0.303125 0.3729166666666667 0.3125 0.3625 0.3203125 0.3645833333333333
0 0.68125 0.975 0.675 0.9729166666666667 0.6671875 0.9604166666666667 0.6640625 0.94375 0.6640625 0.9333333333333333 0.6671875 0.9229166666666667 0.671875 0.9166666666666666 0.6828125 0.9166666666666666 0.6890625 0.925 0.6953125 0.9416666666666667 0.69375 0.9625 0.690625 0.96875 0.6828125 0.9729166666666667
0 0.5265625 0.2833333333333333 0.53125 0.28125 0.5375 0.2833333333333333 0.5453125 0.3 0.5453125 0.3145833333333333 0.540625 0.32708333333333334 0.534375 0.3333333333333333 0.5234375 0.33125 0.5171875 0.31875 0.5171875 0.3 0.5203125 0.2916666666666667 0.5265625 0.28541666666666665
0 0.6359375 0.3770833333333333 0.6421875 0.38333333333333336 0.6453125 0.39166666666666666 0.646875 0.41041666666666665 0.64375 0.41875 0.6375 0.4270833333333333 0.6328125 0.42916666666666664 0.6234375 0.4270833333333333 0.6203125 0.42291666666666666 0.615625 0.4083333333333333 0.615625 0.39791666666666664 0.61875 0.3875 0.625 0.37916666666666665 0.6328125 0.375 0.634375 0.3770833333333333
0 0.4859375 0.075 0.490625 0.07916666666666666 0.49375 0.0875 0.4953125 0.11458333333333333 0.4890625 0.13125 0.4828125 0.13541666666666666 0.4796875 0.13541666666666666 0.4703125 0.12708333333333333 0.465625 0.11041666666666666 0.465625 0.09583333333333334 0.46875 0.08125 0.4734375 0.075 0.4796875 0.07291666666666667 0.484375 0.075
0 0.746875 0.07708333333333334 0.7515625 0.07916666666666666 0.7546875 0.08541666666666667 0.7578125 0.10416666666666667 0.753125 0.125 0.740625 0.13958333333333334 0.7296875 0.13958333333333334 0.7234375 0.13125 0.721875 0.10416666666666667 0.7265625 0.09166666666666666 0.734375 0.07916666666666666 0.74375 0.075 0.7453125 0.07708333333333334
0 0.56875 0.9125 0.5734375 0.9083333333333333 0.58125 0.9083333333333333 0.5890625 0.91875 0.5921875 0.9333333333333333 0.5921875 0.9541666666666667 0.590625 0.9583333333333334 0.5828125 0.96875 0.575 0.96875 0.5703125 0.9645833333333333 0.5640625 0.9479166666666666 0.5640625 0.9229166666666667 0.56875 0.9145833333333333
0 0.534375 0.9125 0.5390625 0.91875 0.5421875 0.9291666666666667 0.5421875 0.9541666666666667 0.5390625 0.9645833333333333 0.53125 0.9708333333333333 0.525 0.9708333333333333 0.5171875 0.9625 0.5140625 0.9479166666666666 0.5140625 0.9291666666666667 0.51875 0.9166666666666666 0.528125 0.9104166666666667 0.5328125 0.9125
0 0.665625 0.7375 0.6703125 0.7333333333333333 0.68125 0.7333333333333333 0.6875 0.7416666666666667 0.69375 0.7604166666666666 0.69375 0.7729166666666667 0.6890625 0.7854166666666667 0.684375 0.7895833333333333 0.6734375 0.7895833333333333 0.6671875 0.78125 0.6609375 0.7604166666666666 0.6625 0.7458333333333333 0.665625 0.7395833333333334
0 0.3578125 0.07916666666666666 0.3671875 0.10208333333333333 0.3671875 0.12708333333333333 0.3609375 0.13958333333333334 0.35625 0.14166666666666666 0.3453125 0.13958333333333334 0.3390625 0.13125 0.334375 0.11458333333333333 0.3359375 0.11041666666666666 0.334375 0.10833333333333334 0.334375 0.09583333333333334 0.3375 0.08541666666666667 0.3453125 0.07708333333333334 0.35625 0.07916666666666666
0 0.434375 0.5625 0.4390625 0.5666666666666667 0.44375 0.5791666666666667 0.44375 0.5895833333333333 0.440625 0.6041666666666666 0.434375 0.6145833333333334 0.421875 0.6145833333333334 0.4171875 0.6104166666666667 0.4125 0.59375 0.4125 0.5833333333333334 0.41875 0.5666666666666667 0.4265625 0.5604166666666667 0.4328125 0.5625
0 0.6390625 0.9166666666666666 0.6453125 0.9333333333333333 0.646875 0.9520833333333333 0.64375 0.9625 0.6359375 0.9708333333333333 0.628125 0.9708333333333333 0.621875 0.9645833333333333 0.6171875 0.95 0.6171875 0.925 0.625 0.9125 0.6359375 0.9125 0.6375 0.9166666666666666
0 0.715625 0.65 0.7203125 0.6458333333333334 0.7296875 0.6458333333333334 0.740625 0.6583333333333333 0.74375 0.6666666666666666 0.74375 0.68125 0.7390625 0.69375 0.73125 0.7 0.721875 0.6979166666666666 0.7140625 0.6875 0.7109375 0.6791666666666667 0.7109375 0.6604166666666667 0.715625 0.6520833333333333
0 0.7515625 0.37916666666666665 0.7578125 0.3875 0.759375 0.41458333333333336 0.75625 0.42291666666666666 0.746875 0.43125 0.7359375 0.43125 0.7296875 0.4270833333333333 0.725 0.4166666666666667 0.725 0.3958333333333333 0.728125 0.3875 0.7359375 0.37916666666666665 0.75 0.37916666666666665
0 0.425 0.37916666666666665 0.434375 0.39166666666666666 0.4359375 0.4125 0.4328125 0.42291666666666666 0.4265625 0.43125 0.421875 0.43333333333333335 0.4125 0.43125 0.40625 0.42083333333333334 0.4046875 0.3958333333333333 0.4125 0.38125 0.4234375 0.37916666666666665
0 0.5265625 0.3875 0.5359375 0.3875 0.546875 0.40625 0.5453125 0.42291666666666666 0.5421875 0.43125 0.5328125 0.4395833333333333 0.528125 0.4395833333333333 0.5234375 0.4354166666666667 0.5171875 0.41875 0.51875 0.4 0.5265625 0.38958333333333334
0 0.5390625 0.07708333333333334 0.5453125 0.09166666666666666 0.5453125 0.11458333333333333 0.5421875 0.12708333333333333 0.5328125 0.1375 0.5265625 0.1375 0.51875 0.12916666666666668 0.515625 0.11875 0.515625 0.10416666666666667 0.5171875 0.10208333333333333 0.5171875 0.09166666666666666 0.521875 0.07916666666666666 0.528125 0.075 0.5359375 0.075 0.5375 0.07708333333333334
0 0.7140625 0.9166666666666666 0.7203125 0.9104166666666667 0.7328125 0.9125 0.7421875 0.9333333333333333 0.7421875 0.9520833333333333 0.7390625 0.9625 0.7328125 0.96875 0.725 0.96875 0.7171875 0.9604166666666667 0.7125 0.9479166666666666 0.7109375 0.925 0.7140625 0.91875
0 0.4359375 0.7458333333333333 0.440625 0.7583333333333333 0.440625 0.7791666666666667 0.4375 0.7916666666666666 0.4328125 0.7979166666666667 0.428125 0.8 0.421875 0.8 0.415625 0.79375 0.4109375 0.7791666666666667 0.4109375 0.7666666666666667 0.4171875 0.75 0.4234375 0.7416666666666667 0.43125 0.7416666666666667 0.434375 0.7458333333333333
0 0.425 0.075 0.4328125 0.09583333333333334 0.4328125 0.11875 0.428125 0.13125 0.4234375 0.13541666666666666 0.4140625 0.13541666666666666 0.409375 0.13125 0.403125 0.11666666666666667 0.4015625 0.10625 0.403125 0.0875 0.40625 0.07916666666666666 0.4140625 0.07083333333333333 0.4203125 0.07083333333333333 0.4234375 0.075
0 0.3640625 0.31145833333333334 0.034375 0.058333333333333334
0 0.48125 0.94375 0.0296875 0.0625
0 0.678125 0.07916666666666666 0.68125 0.07708333333333334 0.6953125 0.07916666666666666 0.7 0.08958333333333333 0.7015625 0.1 0.7 0.11458333333333333 0.6953125 0.12708333333333333 0.684375 0.13958333333333334 0.675 0.1375 0.6671875 0.12291666666666666 0.6671875 0.10833333333333334 0.6734375 0.0875 0.678125 0.08125
0 0.378125 0.75 0.3859375 0.76875 0.384375 0.7854166666666667 0.3796875 0.8 0.375 0.80625 0.36875 0.8083333333333333 0.3625 0.80625 0.35625 0.7979166666666667 0.353125 0.7854166666666667 0.3546875 0.7833333333333333 0.3546875 0.7708333333333334 0.365625 0.75 0.3703125 0.7479166666666667 0.3765625 0.75
0 0.4203125 0.9166666666666666 0.425 0.9125 0.4328125 0.9125 0.440625 0.9208333333333333 0.4421875 0.9291666666666667 0.4421875 0.95 0.4390625 0.9625 0.43125 0.9729166666666667 0.421875 0.9729166666666667 0.4171875 0.96875 0.4125 0.9520833333333333 0.4140625 0.9333333333333333 0.4171875 0.9208333333333333 0.4203125 0.91875
0 0.6328125 0.5645833333333333 0.6421875 0.5708333333333333 0.65 0.5833333333333334 0.6484375 0.5854166666666667 0.646875 0.60625 0.6375 0.61875 0.628125 0.61875 0.61875 0.6041666666666666 0.6171875 0.59375 0.61875 0.5770833333333333 0.6265625 0.5645833333333333 0.6296875 0.5625 0.63125 0.5645833333333333
0 0.6390625 0.075 0.64375 0.08125 0.6453125 0.0875 0.6453125 0.11041666666666666 0.640625 0.12291666666666666 0.63125 0.13541666666666666 0.6234375 0.13541666666666666 0.615625 0.12708333333333333 0.6140625 0.1 0.61875 0.07916666666666666 0.628125 0.07291666666666667 0.6359375 0.07291666666666667 0.6375 0.075