0 0.20546875 0.5354166666666667 0.04375 0.0375
0 0.20625 0.478125 0.040625 0.0375
0 0.20546875 0.41041666666666665 0.040625 0.0375
0 0.19921875 0.725 0.04375 0.041666666666666664
0 0.20546875 0.35208333333333336 0.040625 0.0375
0 0.21015625 0.23125 0.04375 0.041666666666666664
0 0.32265625 0.725 0.04375 0.041666666666666664
0 0.39765625 0.6 0.0375 0.03333333333333333
0 0.58515625 0.21041666666666667 0.040625 0.041666666666666664
0 0.65546875 0.275 0.040625 0.041666666666666664
0 0.33046875 0.6 0.0375 0.03333333333333333
0 0.52109375 0.34375 0.0375 0.0375
0 0.39375 0.22083333333333333 0.040625 0.041666666666666664
0 0.3984375 0.7395833333333334 0.040625 0.03958333333333333
0 0.3296875 0.47708333333333336 0.040625 0.0375
0 0.3953125 0.34375 0.0375 0.03958333333333333
0 0.78671875 0.20416666666666666 0.04375 0.04583333333333333
0 0.52265625 0.5333333333333333 0.0375 0.03333333333333333
0 0.78984375 0.3333333333333333 0.04375 0.041666666666666664
0 0.45859375 0.4739583333333333 0.040625 0.035416666666666666
0 0.59375 0.7354166666666667 0.0375 0.0375
0 0.78984375 0.59375 0.04375 0.0375
0 0.58984375 0.6 0.034375 0.03333333333333333
0 0.79609375 0.5270833333333333 0.040625 0.0375
0 0.58984375 0.47291666666666665 0.040625 0.0375
0 0.66328125 0.5979166666666667 0.0375 0.0375
0 0.79140625 0.4666666666666667 0.04375 0.03958333333333333
0 0.80390625 0.7354166666666667 0.04375 0.041666666666666664
0 0.78984375 0.40208333333333335 0.04375 0.0375