0 0.71328125 0.96875 0.0375 0.0375
0 0.41640625 0.88125 0.040625 0.041666666666666664
0 0.78359375 0.46875 0.040625 0.0375
0 0.83984375 0.4583333333333333 0.040625 0.0375
0 0.72109375 0.4708333333333333 0.040625 0.0375
0 0.61015625 0.8979166666666667 0.0375 0.03958333333333333
0 0.83671875 0.584375 0.040625 0.0375
0 0.83515625 0.5166666666666667 0.040625 0.0375
0 0.646875 0.8333333333333334 0.040625 0.041666666666666664
0 0.27265625 0.440625 0.04375 0.041666666666666664
0 0.60703125 0.48333333333333334 0.040625 0.0375
0 0.69765625 0.8416666666666667 0.0375 0.03958333333333333
0 0.41796875 0.5 0.0375 0.0375
0 0.4359375 0.6270833333333333 0.0375 0.0375
0 0.84140625 0.8135416666666667 0.0375 0.0375
0 0.28671875 0.63125 0.04375 0.041666666666666664
0 0.52734375 0.22083333333333333 0.04375 0.04583333333333333
0 0.85546875 0.7625 0.0375 0.0375
0 0.48984375 0.48541666666666666 0.0375 0.03958333333333333
0 0.28125 0.5708333333333333 0.040625 0.0375
0 0.28046875 0.5041666666666667 0.04375 0.041666666666666664