0 0.428125 0.9614583333333333 0.0296875 0.058333333333333334
0 0.465625 0.8697916666666666 0.028125 0.058333333333333334
0 0.17265625 0.775 0.03125 0.05416666666666667
0 0.2109375 0.8864583333333333 0.03125 0.058333333333333334
0 0.46875 0.7895833333333333 0.0296875 0.058333333333333334
0 0.5625 0.775 0.0296875 0.05416666666666667
0 0.184375 0.5427083333333333 0.0328125 0.05416666666666667
0 0.15625 0.7197916666666667 0.03125 0.05416666666666667
0 0.5015625 0.6114583333333333 0.0296875 0.05416666666666667
0 0.0703125 0.7822916666666667 0.0328125 0.05416666666666667
0 0.14453125 0.3541666666666667 0.034375 0.05416666666666667
0 0.1265625 0.6302083333333334 0.0328125 0.05416666666666667
0 0.3859375 0.16145833333333334 0.0328125 0.058333333333333334
0 0.23125 0.9833333333333333 0.0296875 0.03333333333333333
0 0.4828125 0.24479166666666666 0.03125 0.05416666666666667
0 0.18125 0.6958333333333333 0.03125 0.05416666666666667
0 0.19140625 0.971875 0.03125 0.05416666666666667
0 0.4375 0.246875 0.03125 0.05416666666666667