0 0.40703125 0.7354166666666667 0.040625 0.041666666666666664
0 0.796875 0.5354166666666667 0.04375 0.0375
0 0.41484375 0.2125 0.040625 0.04583333333333333
0 0.603125 0.6 0.0375 0.03333333333333333
0 0.60703125 0.22083333333333333 0.040625 0.041666666666666664
0 0.79296875 0.47708333333333336 0.040625 0.0375
0 0.21171875 0.40208333333333335 0.04375 0.041666666666666664
0 0.20546875 0.5958333333333333 0.046875 0.041666666666666664
0 0.21171875 0.3333333333333333 0.046875 0.04375
0 0.603125 0.7395833333333334 0.040625 0.0375
0 0.79609375 0.353125 0.040625 0.03958333333333333
0 0.73515625 0.5375 0.040625 0.0375
0 0.7328125 0.4791666666666667 0.040625 0.0375
0 0.67265625 0.47708333333333336 0.040625 0.0375
0 0.47734375 0.6614583333333334 0.034375 0.035416666666666666
0 0.79609375 0.290625 0.040625 0.03958333333333333
0 0.47421875 0.6020833333333333 0.0375 0.035416666666666666
0 0.33515625 0.5375 0.040625 0.0375
0 0.28828125 0.534375 0.040625 0.0375
0 0.66875 0.7364583333333333 0.040625 0.041666666666666664
0 0.73671875 0.28958333333333336 0.040625 0.041666666666666664
0 0.54296875 0.47291666666666665 0.0375 0.0375
0 0.6078125 0.2864583333333333 0.040625 0.041666666666666664