0 0.8390625 0.5677083333333334 0.040625 0.035416666666666666
0 0.83828125 0.390625 0.040625 0.035416666666666666
0 0.84140625 0.5166666666666667 0.040625 0.03333333333333333
0 0.72265625 0.50625 0.0375 0.0375
0 0.83515625 0.4583333333333333 0.040625 0.03333333333333333
0 0.434375 0.35208333333333336 0.0375 0.0375
0 0.7078125 0.013541666666666667 0.0375 0.027083333333333334
0 0.28515625 0.3489583333333333 0.04375 0.041666666666666664
0 0.8390625 0.16041666666666668 0.0375 0.0375
0 0.5296875 0.75625 0.040625 0.04375
0 0.28046875 0.47604166666666664 0.040625 0.03958333333333333
0 0.85546875 0.2125 0.0375 0.0375
0 0.27421875 0.5395833333333333 0.04375 0.041666666666666664
0 0.28046875 0.4083333333333333 0.040625 0.0375
0 0.4125 0.09895833333333333 0.040625 0.041666666666666664
0 0.49140625 0.49375 0.0375 0.0375
0 0.64296875 0.14270833333333333 0.0375 0.03958333333333333
0 0.60703125 0.49270833333333336 0.0375 0.035416666666666666
0 0.2640625 0.6145833333333334 0.04375 0.041666666666666664
0 0.69453125 0.134375 0.0375 0.03958333333333333
0 0.60546875 0.07708333333333334 0.0375 0.041666666666666664