0 0.290625 0.4708333333333333 0.02890625 0.05
0 0.2484375 0.6364583333333333 0.03046875 0.05
0 0.45703125 0.8270833333333333 0.0296875 0.05416666666666667
0 0.2875 0.27291666666666664 0.0265625 0.04895833333333333
0 0.19609375 0.2625 0.028125 0.046875
0 0.27109375 0.31666666666666665 0.0265625 0.046875
0 0.32265625 0.178125 0.0265625 0.046875
0 0.34375 0.0875 0.02421875 0.046875
0 0.30625 0.10416666666666667 0.02421875 0.046875
0 0.2921875 0.3385416666666667 0.0265625 0.04895833333333333
0 0.5484375 0.18645833333333334 0.0265625 0.05
0 0.2421875 0.3927083333333333 0.028125 0.046875
0 0.5109375 0.7572916666666667 0.02734375 0.053125
0 0.55 0.2552083333333333 0.02578125 0.05
0 0.55625 0.11354166666666667 0.02578125 0.051041666666666666
0 0.7265625 0.3489583333333333 0.0328125 0.05416666666666667
0 0.58125 0.4114583333333333 0.02890625 0.051041666666666666
0 0.3640625 0.01875 0.02421875 0.0375
0 0.4953125 0.403125 0.0265625 0.051041666666666666
0 0.49765625 0.027083333333333334 0.025 0.04895833333333333
0 0.5640625 0.004166666666666667 0.01953125 0.008333333333333333