0 0.2734375 0.5697916666666667 0.034375 0.05416666666666667
0 0.4109375 0.8666666666666667 0.4171875 0.8791666666666667 0.41875 0.8958333333333334 0.4140625 0.9145833333333333 0.4046875 0.9270833333333334 0.396875 0.9270833333333334 0.3921875 0.9229166666666667 0.3859375 0.9083333333333333 0.3859375 0.8958333333333334 0.390625 0.8770833333333333 0.3984375 0.8666666666666667 0.403125 0.8645833333333334 0.409375 0.8666666666666667
0 0.4953125 0.30625 0.5015625 0.31666666666666665 0.503125 0.33958333333333335 0.496875 0.35625 0.4921875 0.36041666666666666 0.484375 0.36041666666666666 0.4796875 0.3541666666666667 0.4734375 0.33541666666666664 0.4734375 0.325 0.4796875 0.30833333333333335 0.484375 0.30416666666666664 0.4921875 0.30416666666666664 0.49375 0.30625
0 0.1578125 0.38333333333333336 0.1703125 0.4 0.1703125 0.4166666666666667 0.16875 0.42291666666666666 0.1625 0.43125 0.1515625 0.43125 0.14375 0.4270833333333333 0.1390625 0.4125 0.1390625 0.40208333333333335 0.1421875 0.39166666666666666 0.1484375 0.38333333333333336 0.15625 0.38333333333333336
0 0.36875 0.020833333333333332 0.3734375 0.03333333333333333 0.375 0.05625 0.3734375 0.06458333333333334 0.3671875 0.07291666666666667 0.3625 0.075 0.35625 0.07291666666666667 0.3484375 0.06041666666666667 0.3453125 0.05 0.3453125 0.035416666666666666 0.3484375 0.025 0.35625 0.016666666666666666 0.3640625 0.016666666666666666 0.3671875 0.020833333333333332
0 0.7046875 0.6291666666666667 0.7125 0.6479166666666667 0.7125 0.6645833333333333 0.7078125 0.6770833333333334 0.7 0.6833333333333333 0.6890625 0.68125 0.678125 0.66875 0.6765625 0.6645833333333333 0.6765625 0.6416666666666667 0.6890625 0.625 0.7 0.625 0.703125 0.6291666666666667
0 0.371875 0.85625 0.3796875 0.86875 0.3796875 0.8895833333333333 0.3734375 0.9104166666666667 0.365625 0.9166666666666666 0.35625 0.9145833333333333 0.35 0.90625 0.3484375 0.8791666666666667 0.3515625 0.86875 0.3578125 0.8583333333333333 0.3609375 0.8583333333333333 0.3640625 0.8541666666666666 0.3703125 0.85625
0 0.459375 0.6708333333333333 0.465625 0.6708333333333333 0.471875 0.675 0.475 0.6791666666666667 0.478125 0.6916666666666667 0.478125 0.7020833333333333 0.475 0.7145833333333333 0.46875 0.7229166666666667 0.4640625 0.725 0.45625 0.7229166666666667 0.4484375 0.7083333333333334 0.4484375 0.6916666666666667 0.453125 0.6791666666666667 0.459375 0.6729166666666667
0 0.378125 0.5666666666666667 0.3875 0.5791666666666667 0.3890625 0.5979166666666667 0.3859375 0.6104166666666667 0.3734375 0.61875 0.3625 0.6104166666666667 0.359375 0.6020833333333333 0.3578125 0.5875 0.3625 0.575 0.36875 0.5666666666666667 0.3765625 0.5666666666666667
0 0.3265625 0.8458333333333333 0.33125 0.8625 0.3296875 0.875 0.325 0.8916666666666667 0.3203125 0.8979166666666667 0.3140625 0.9 0.3078125 0.9 0.3 0.8916666666666667 0.2984375 0.8854166666666666 0.3 0.8583333333333333 0.3140625 0.8416666666666667 0.321875 0.8416666666666667 0.325 0.8458333333333333
0 0.4 0.0875 0.39375 0.08541666666666667 0.3859375 0.07291666666666667 0.3828125 0.06041666666666667 0.384375 0.0375 0.3921875 0.029166666666666667 0.403125 0.029166666666666667 0.409375 0.03958333333333333 0.4125 0.05416666666666667 0.4125 0.07291666666666667 0.409375 0.08125 0.4015625 0.08541666666666667
0 0.2859375 0.29583333333333334 0.290625 0.2916666666666667 0.3015625 0.2916666666666667 0.3109375 0.30416666666666664 0.3125 0.3104166666666667 0.3109375 0.33541666666666664 0.303125 0.34375 0.2953125 0.34375 0.2859375 0.33541666666666664 0.28125 0.3229166666666667 0.28125 0.3104166666666667 0.2859375 0.29791666666666666
0 0.53125 0.43125 0.03046875 0.051041666666666666
0 0.3859375 0.37916666666666665 0.3953125 0.39375 0.396875 0.41458333333333336 0.39375 0.42291666666666666 0.384375 0.43333333333333335 0.3734375 0.4270833333333333 0.36875 0.42083333333333334 0.365625 0.41041666666666665 0.3671875 0.3958333333333333 0.371875 0.38333333333333336 0.3765625 0.37916666666666665 0.384375 0.37916666666666665
0 0.203125 0.32708333333333334 0.215625 0.3375 0.21875 0.3458333333333333 0.21875 0.3645833333333333 0.215625 0.3729166666666667 0.2109375 0.3770833333333333 0.2015625 0.3770833333333333 0.19375 0.3729166666666667 0.1890625 0.3645833333333333 0.1890625 0.3416666666666667 0.1953125 0.32916666666666666 0.2015625 0.32708333333333334
0 0.7171875 0.4041666666666667 0.7265625 0.41458333333333336 0.7296875 0.425 0.7296875 0.4354166666666667 0.728125 0.44375 0.721875 0.45625 0.7171875 0.46041666666666664 0.7078125 0.46041666666666664 0.70625 0.4625 0.696875 0.45625 0.6921875 0.44375 0.6921875 0.43333333333333335 0.6953125 0.4270833333333333 0.696875 0.4166666666666667 0.703125 0.4083333333333333 0.7078125 0.4041666666666667 0.715625 0.4041666666666667
0 0.565625 0.6916666666666667 0.571875 0.6875 0.5765625 0.6875 0.58125 0.6916666666666667 0.5875 0.7 0.590625 0.7166666666666667 0.5890625 0.71875 0.5890625 0.7291666666666666 0.58125 0.74375 0.571875 0.74375 0.5671875 0.7395833333333334 0.559375 0.7229166666666667 0.559375 0.7104166666666667 0.5625 0.6979166666666666 0.565625 0.69375
0 0.4953125 0.20833333333333334 0.5015625 0.22083333333333333 0.503125 0.24791666666666667 0.49375 0.26458333333333334 0.484375 0.26458333333333334 0.478125 0.25625 0.4734375 0.23958333333333334 0.4734375 0.225 0.4765625 0.21666666666666667 0.4828125 0.20833333333333334 0.49375 0.20833333333333334
0 0.5109375 0.8854166666666666 0.51875 0.8916666666666667 0.5234375 0.9041666666666667 0.521875 0.9354166666666667 0.515625 0.9479166666666666 0.503125 0.9479166666666666 0.496875 0.9395833333333333 0.49375 0.9291666666666667 0.49375 0.90625 0.5 0.8916666666666667 0.503125 0.8875 0.509375 0.8854166666666666
0 0.4578125 0.03125 0.465625 0.041666666666666664 0.46875 0.06875 0.4640625 0.08541666666666667 0.45625 0.09166666666666666 0.4515625 0.09166666666666666 0.4453125 0.08541666666666667 0.4390625 0.06666666666666667 0.4390625 0.04791666666666667 0.4421875 0.03958333333333333 0.446875 0.03333333333333333 0.45625 0.03125
0 0.496875 0.020833333333333332 0.509375 0.020833333333333332 0.5140625 0.027083333333333334 0.5171875 0.0375 0.5171875 0.06041666666666667 0.5125 0.07708333333333334 0.509375 0.08125 0.4984375 0.08125 0.490625 0.06666666666666667 0.4875 0.04583333333333333 0.490625 0.03125 0.496875 0.022916666666666665
0 0.4625 0.8729166666666667 0.4703125 0.88125 0.4734375 0.8895833333333333 0.4734375 0.9145833333333333 0.46875 0.9291666666666667 0.4625 0.9354166666666667 0.4546875 0.9354166666666667 0.446875 0.9270833333333334 0.4421875 0.90625 0.4421875 0.8979166666666667 0.45 0.8791666666666667 0.45625 0.8729166666666667 0.4609375 0.8729166666666667
0 0.5390625 0.025 0.5515625 0.022916666666666665 0.559375 0.03125 0.5609375 0.0375 0.5609375 0.06458333333333334 0.55625 0.07708333333333334 0.5515625 0.08333333333333333 0.5421875 0.08333333333333333 0.534375 0.07291666666666667 0.53125 0.052083333333333336 0.5328125 0.0375 0.5359375 0.029166666666666667 0.5390625 0.027083333333333334