0 0.4734375 0.6479166666666667 0.4796875 0.65 0.484375 0.65625 0.4875 0.6645833333333333 0.4875 0.6854166666666667 0.4765625 0.6979166666666666 0.4703125 0.6979166666666666 0.4625 0.6895833333333333 0.459375 0.6770833333333334 0.459375 0.6666666666666666 0.465625 0.6541666666666667 0.46875 0.65 0.471875 0.65
0 0.5453125 0.06770833333333333 0.02890625 0.06145833333333333
0 0.415625 0.8395833333333333 0.421875 0.8458333333333333 0.425 0.8541666666666666 0.425 0.8770833333333333 0.41875 0.89375 0.4140625 0.8979166666666667 0.403125 0.8979166666666667 0.396875 0.8895833333333333 0.3953125 0.88125 0.3953125 0.8625 0.4 0.85 0.4046875 0.8416666666666667 0.4140625 0.8395833333333333
0 0.49375 0.2 0.5015625 0.21041666666666667 0.5046875 0.225 0.503125 0.24166666666666667 0.4984375 0.2520833333333333 0.49375 0.25625 0.4875 0.25625 0.4828125 0.2520833333333333 0.4765625 0.2375 0.4765625 0.21458333333333332 0.478125 0.21041666666666667 0.48125 0.20416666666666666 0.4875 0.2 0.4921875 0.2
0 0.7109375 0.041666666666666664 0.7140625 0.05 0.7140625 0.07083333333333333 0.709375 0.08541666666666667 0.703125 0.09375 0.6984375 0.09583333333333334 0.690625 0.09375 0.684375 0.08333333333333333 0.6828125 0.07291666666666667 0.6859375 0.052083333333333336 0.6890625 0.04375 0.6953125 0.0375 0.70625 0.0375 0.709375 0.041666666666666664
0 0.6953125 0.8666666666666667 0.709375 0.8791666666666667 0.715625 0.9 0.7140625 0.91875 0.70625 0.93125 0.6921875 0.9291666666666667 0.684375 0.91875 0.6796875 0.9020833333333333 0.6796875 0.8833333333333333 0.6828125 0.875 0.69375 0.8666666666666667
0 0.653125 0.20208333333333334 0.6609375 0.20833333333333334 0.6640625 0.21875 0.6640625 0.22916666666666666 0.6609375 0.24583333333333332 0.6546875 0.25625 0.6484375 0.2604166666666667 0.64375 0.2604166666666667 0.6359375 0.2520833333333333 0.6328125 0.24375 0.6328125 0.23125 0.6359375 0.21458333333333332 0.6390625 0.20833333333333334 0.6421875 0.20416666666666666 0.6515625 0.20208333333333334
0 0.509375 0.8541666666666666 0.5140625 0.8520833333333333 0.5234375 0.8541666666666666 0.53125 0.8729166666666667 0.5296875 0.9 0.5234375 0.9104166666666667 0.5125 0.9104166666666667 0.5046875 0.9 0.5015625 0.8854166666666666 0.5015625 0.8729166666666667 0.509375 0.85625
0 0.7 0.5916666666666667 0.70625 0.6020833333333333 0.7078125 0.6229166666666667 0.70625 0.63125 0.7 0.6395833333333333 0.6921875 0.64375 0.678125 0.6354166666666666 0.6734375 0.6229166666666667 0.6734375 0.60625 0.675 0.6 0.6859375 0.5875 0.696875 0.5875 0.6984375 0.5916666666666667
0 0.396875 0.18541666666666667 0.4046875 0.19166666666666668 0.409375 0.20416666666666666 0.409375 0.22708333333333333 0.3984375 0.24166666666666667 0.390625 0.23958333333333334 0.3875 0.23541666666666666 0.38125 0.21666666666666667 0.3828125 0.19791666666666666 0.3890625 0.1875 0.3953125 0.18541666666666667
0 0.3171875 0.7208333333333333 0.325 0.725 0.3296875 0.7333333333333333 0.33125 0.7458333333333333 0.328125 0.7645833333333333 0.3171875 0.7770833333333333 0.3078125 0.7770833333333333 0.3 0.7625 0.3 0.7395833333333334 0.3015625 0.7354166666666667 0.3046875 0.7291666666666666 0.315625 0.7229166666666667
0 0.403125 0.03125 0.409375 0.0375 0.4140625 0.052083333333333336 0.4140625 0.07291666666666667 0.4109375 0.08125 0.403125 0.0875 0.3953125 0.08541666666666667 0.3921875 0.08125 0.3859375 0.0625 0.3859375 0.04791666666666667 0.3890625 0.0375 0.3921875 0.03333333333333333 0.4015625 0.03125
0 0.4765625 0.4625 0.4890625 0.4625 0.49375 0.46875 0.496875 0.48125 0.496875 0.49166666666666664 0.49375 0.5041666666666667 0.484375 0.5125 0.478125 0.5104166666666666 0.4703125 0.5 0.4671875 0.4875 0.4703125 0.47291666666666665 0.4765625 0.46458333333333335
0 0.5484375 0.37916666666666665 0.553125 0.38958333333333334 0.553125 0.4125 0.5515625 0.41875 0.5453125 0.4270833333333333 0.540625 0.42916666666666664 0.53125 0.4270833333333333 0.525 0.4083333333333333 0.525 0.39791666666666664 0.528125 0.38333333333333336 0.5359375 0.375 0.54375 0.375 0.546875 0.37916666666666665
0 0.4515625 0.065625 0.02890625 0.059375
0 0.3640625 0.01875 0.36875 0.020833333333333332 0.3734375 0.027083333333333334 0.378125 0.05 0.3765625 0.06458333333333334 0.3703125 0.07291666666666667 0.365625 0.075 0.359375 0.07291666666666667 0.3546875 0.06666666666666667 0.3484375 0.04583333333333333 0.35 0.029166666666666667 0.35625 0.020833333333333332 0.3625 0.01875
0 0.2890625 0.2833333333333333 0.29375 0.2791666666666667 0.3046875 0.2791666666666667 0.3125 0.28958333333333336 0.315625 0.3 0.315625 0.3125 0.3109375 0.32708333333333334 0.30625 0.33125 0.2984375 0.33125 0.290625 0.3229166666666667 0.284375 0.30833333333333335 0.284375 0.29583333333333334 0.2890625 0.28541666666666665
0 0.365625 0.8333333333333334 0.378125 0.8333333333333334 0.384375 0.8416666666666667 0.3875 0.85625 0.38125 0.8833333333333333 0.3765625 0.8895833333333333 0.371875 0.8916666666666667 0.3625 0.8895833333333333 0.35625 0.8770833333333333 0.3546875 0.8625 0.35625 0.8520833333333333 0.365625 0.8354166666666667
0 0.3796875 0.54375 0.3859375 0.5458333333333333 0.39375 0.5583333333333333 0.39375 0.58125 0.390625 0.5895833333333333 0.3859375 0.59375 0.3765625 0.5958333333333333 0.371875 0.59375 0.365625 0.58125 0.365625 0.5708333333333333 0.3640625 0.56875 0.365625 0.5583333333333333 0.3734375 0.5458333333333333 0.378125 0.5458333333333333
0 0.3234375 0.8208333333333333 0.3296875 0.825 0.3328125 0.83125 0.334375 0.8520833333333333 0.3265625 0.8729166666666667 0.3203125 0.8791666666666667 0.3109375 0.8791666666666667 0.3046875 0.8729166666666667 0.3015625 0.8604166666666667 0.3015625 0.85 0.303125 0.8416666666666667 0.309375 0.8291666666666667 0.321875 0.8208333333333333
0 0.48125 0.29583333333333334 0.4859375 0.2916666666666667 0.496875 0.2916666666666667 0.5046875 0.30833333333333335 0.5046875 0.32708333333333334 0.5015625 0.3375 0.496875 0.34375 0.4875 0.3458333333333333 0.4796875 0.33541666666666664 0.4765625 0.32083333333333336 0.4765625 0.3104166666666667 0.48125 0.29791666666666666
0 0.503125 0.0375 0.5109375 0.05 0.5109375 0.07708333333333334 0.5078125 0.0875 0.503125 0.09375 0.4921875 0.09375 0.4875 0.0875 0.484375 0.07083333333333333 0.484375 0.05416666666666667 0.4890625 0.041666666666666664 0.49375 0.0375 0.5015625 0.0375
0 0.353125 0.19791666666666666 0.359375 0.20416666666666666 0.365625 0.225 0.3640625 0.23958333333333334 0.3609375 0.24791666666666667 0.35625 0.2520833333333333 0.346875 0.2520833333333333 0.340625 0.24375 0.334375 0.21666666666666667 0.3375 0.20625 0.3421875 0.2 0.3484375 0.19583333333333333 0.3515625 0.19791666666666666
0 0.6546875 0.8666666666666667 0.6640625 0.8833333333333333 0.6640625 0.9104166666666667 0.6546875 0.9270833333333334 0.646875 0.9270833333333334 0.640625 0.9229166666666667 0.6375 0.91875 0.63125 0.8979166666666667 0.63125 0.8770833333333333 0.6328125 0.8729166666666667 0.6421875 0.8625 0.65 0.8625 0.653125 0.8666666666666667
0 0.596875 0.5666666666666667 0.6015625 0.5770833333333333 0.603125 0.59375 0.6 0.60625 0.5921875 0.6145833333333334 0.58125 0.6145833333333334 0.5765625 0.6104166666666667 0.571875 0.5979166666666667 0.571875 0.58125 0.575 0.5708333333333333 0.58125 0.5625 0.5921875 0.5625 0.5953125 0.5666666666666667
0 0.2828125 0.5333333333333333 0.2875 0.5375 0.290625 0.5458333333333333 0.290625 0.5583333333333333 0.2921875 0.5604166666666667 0.2890625 0.5729166666666666 0.28125 0.58125 0.26875 0.58125 0.2609375 0.5729166666666666 0.2578125 0.5645833333333333 0.2625 0.5395833333333333 0.2671875 0.5333333333333333 0.271875 0.53125 0.28125 0.5333333333333333
0 0.7046875 0.28125 0.7125 0.2875 0.715625 0.29583333333333334 0.7171875 0.3104166666666667 0.7140625 0.3229166666666667 0.709375 0.33125 0.7 0.3375 0.6890625 0.33541666666666664 0.684375 0.32708333333333334 0.6828125 0.31666666666666665 0.6859375 0.29791666666666666 0.690625 0.2875 0.6984375 0.28125 0.703125 0.28125
0 0.4734375 0.84375 0.48125 0.85625 0.4828125 0.8708333333333333 0.48125 0.8729166666666667 0.48125 0.8854166666666666 0.471875 0.9020833333333333 0.4625 0.9020833333333333 0.453125 0.8854166666666666 0.453125 0.8625 0.459375 0.8458333333333333 0.465625 0.8416666666666667 0.471875 0.84375
0 0.5828125 0.8583333333333333 0.5921875 0.8708333333333333 0.5953125 0.88125 0.5953125 0.90625 0.5921875 0.9145833333333333 0.584375 0.9229166666666667 0.575 0.9208333333333333 0.5703125 0.9145833333333333 0.5640625 0.8958333333333334 0.5640625 0.8791666666666667 0.5671875 0.86875 0.5703125 0.8625 0.5734375 0.8625 0.5765625 0.8583333333333333 0.58125 0.8583333333333333
0 0.6484375 0.6645833333333333 0.65625 0.675 0.659375 0.6875 0.6578125 0.70625 0.6484375 0.71875 0.6375 0.71875 0.6296875 0.7104166666666667 0.6265625 0.7 0.6265625 0.6791666666666667 0.6296875 0.6708333333333333 0.6375 0.6625 0.6453125 0.6625 0.646875 0.6645833333333333
0 0.590625 0.38333333333333336 0.5953125 0.3875 0.5984375 0.3958333333333333 0.6 0.41458333333333336 0.5953125 0.4270833333333333 0.5859375 0.4375 0.5765625 0.4354166666666667 0.571875 0.42916666666666664 0.5703125 0.40208333333333335 0.575 0.3875 0.58125 0.38333333333333336 0.5890625 0.38333333333333336
0 0.3890625 0.3625 0.3984375 0.375 0.4 0.4 0.3984375 0.40625 0.3921875 0.41458333333333336 0.3875 0.4166666666666667 0.378125 0.4125 0.3703125 0.39375 0.3734375 0.3729166666666667 0.3828125 0.3625 0.3875 0.3625