0 0.5375 0.025 0.54375 0.035416666666666666 0.5453125 0.06041666666666667 0.5421875 0.075 0.534375 0.08541666666666667 0.525 0.08541666666666667 0.5203125 0.08125 0.515625 0.06458333333333334 0.515625 0.041666666666666664 0.5203125 0.029166666666666667 0.525 0.025 0.5296875 0.022916666666666665 0.5359375 0.025
0 0.5265625 0.4 0.5328125 0.4125 0.5328125 0.43125 0.5296875 0.44166666666666665 0.521875 0.45208333333333334 0.5140625 0.45208333333333334 0.5046875 0.44166666666666665 0.503125 0.4125 0.50625 0.4041666666666667 0.5140625 0.3958333333333333 0.521875 0.3958333333333333 0.525 0.4
0 0.2703125 0.2791666666666667 0.2796875 0.2916666666666667 0.284375 0.30833333333333335 0.2796875 0.32916666666666666 0.2734375 0.33541666666666664 0.2640625 0.33541666666666664 0.259375 0.33125 0.253125 0.32083333333333336 0.25 0.30625 0.25 0.29583333333333334 0.253125 0.2875 0.2609375 0.2791666666666667 0.26875 0.2791666666666667
0 0.475 0.19583333333333333 0.4828125 0.20416666666666666 0.4859375 0.21458333333333332 0.4859375 0.23958333333333334 0.4828125 0.24791666666666667 0.475 0.25625 0.46875 0.25625 0.4625 0.25 0.45625 0.22916666666666666 0.45625 0.21458333333333332 0.4625 0.2 0.46875 0.19583333333333333 0.4734375 0.19583333333333333
0 0.4796875 0.29583333333333334 0.4875 0.3145833333333333 0.4875 0.33125 0.484375 0.34375 0.4765625 0.35208333333333336 0.46875 0.35208333333333336 0.4609375 0.34375 0.4578125 0.32708333333333334 0.4578125 0.3104166666666667 0.459375 0.30416666666666664 0.465625 0.29583333333333334 0.46875 0.29375 0.4765625 0.29375 0.478125 0.29583333333333334
0 0.6953125 0.9166666666666666 0.70625 0.9291666666666667 0.7125 0.9458333333333333 0.7125 0.9708333333333333 0.7078125 0.98125 0.7015625 0.9875 0.6890625 0.9854166666666667 0.678125 0.96875 0.675 0.95625 0.675 0.9333333333333333 0.678125 0.925 0.6859375 0.9166666666666666 0.69375 0.9166666666666666
0 0.590625 0.20416666666666666 0.6 0.21666666666666667 0.6 0.24375 0.596875 0.25416666666666665 0.5875 0.26458333333333334 0.578125 0.26458333333333334 0.571875 0.25625 0.5703125 0.2520833333333333 0.5703125 0.225 0.571875 0.21666666666666667 0.5765625 0.20833333333333334 0.58125 0.20416666666666666 0.5890625 0.20416666666666666
0 0.6890625 0.6125 0.6984375 0.6208333333333333 0.703125 0.6291666666666667 0.7046875 0.6375 0.703125 0.6604166666666667 0.69375 0.6729166666666667 0.6828125 0.6729166666666667 0.6765625 0.66875 0.6703125 0.6604166666666667 0.6671875 0.6479166666666667 0.6671875 0.6375 0.6734375 0.6208333333333333 0.6828125 0.6125 0.6875 0.6125
0 0.378125 0.014583333333333334 0.3859375 0.022916666666666665 0.390625 0.04583333333333333 0.3890625 0.06458333333333334 0.38125 0.075 0.375 0.075 0.3671875 0.06875 0.359375 0.041666666666666664 0.3640625 0.020833333333333332 0.371875 0.014583333333333334 0.3765625 0.014583333333333334
0 0.434375 0.020833333333333332 0.4390625 0.025 0.4421875 0.03333333333333333 0.4453125 0.05416666666666667 0.4421875 0.07291666666666667 0.434375 0.08125 0.425 0.08125 0.4203125 0.07708333333333334 0.4140625 0.052083333333333336 0.4140625 0.041666666666666664 0.4171875 0.029166666666666667 0.425 0.020833333333333332 0.4328125 0.020833333333333332
0 0.3359375 0.03229166666666667 0.03203125 0.06145833333333333
0 0.46875 0.47708333333333336 0.471875 0.4791666666666667 0.4765625 0.4895833333333333 0.478125 0.5145833333333333 0.475 0.5229166666666667 0.4671875 0.53125 0.4609375 0.53125 0.45625 0.5270833333333333 0.4484375 0.5083333333333333 0.4484375 0.4979166666666667 0.4515625 0.48333333333333334 0.4609375 0.475 0.4671875 0.47708333333333336
0 0.5046875 0.9020833333333333 0.5125 0.9125 0.515625 0.925 0.515625 0.9458333333333333 0.509375 0.9645833333333333 0.5046875 0.96875 0.4921875 0.9666666666666667 0.4859375 0.95625 0.4828125 0.9395833333333333 0.4828125 0.925 0.4875 0.9104166666666667 0.4953125 0.9020833333333333 0.5 0.9 0.503125 0.9020833333333333
0 0.290625 0.86875 0.2984375 0.875 0.3015625 0.8833333333333333 0.303125 0.8979166666666667 0.2984375 0.91875 0.2859375 0.9354166666666667 0.2765625 0.9354166666666667 0.26875 0.9291666666666667 0.265625 0.91875 0.265625 0.9 0.2703125 0.8833333333333333 0.28125 0.8708333333333333 0.2890625 0.86875
0 0.371875 0.17916666666666667 0.378125 0.18333333333333332 0.3828125 0.19166666666666668 0.3859375 0.20625 0.384375 0.22916666666666666 0.375 0.23958333333333334 0.36875 0.23958333333333334 0.3609375 0.23333333333333334 0.3609375 0.22916666666666666 0.35625 0.22083333333333333 0.3546875 0.21458333333333332 0.35625 0.19375 0.3625 0.18333333333333332 0.3703125 0.18125
0 0.39375 0.8333333333333334 0.384375 0.8229166666666666 0.3796875 0.8104166666666667 0.3796875 0.79375 0.384375 0.7791666666666667 0.3921875 0.7708333333333334 0.403125 0.7708333333333334 0.4109375 0.7833333333333333 0.4125 0.79375 0.4109375 0.8145833333333333 0.403125 0.8270833333333333 0.3953125 0.83125
0 0.484375 0.020833333333333332 0.4890625 0.025 0.49375 0.035416666666666666 0.4953125 0.06041666666666667 0.490625 0.07708333333333334 0.48125 0.08541666666666667 0.4734375 0.08125 0.46875 0.07291666666666667 0.465625 0.05416666666666667 0.465625 0.03958333333333333 0.471875 0.025 0.478125 0.020833333333333332 0.4828125 0.020833333333333332
0 0.35625 0.5666666666666667 0.3640625 0.575 0.36875 0.5875 0.3671875 0.6083333333333333 0.3625 0.61875 0.35625 0.6229166666666667 0.346875 0.6229166666666667 0.3421875 0.61875 0.3375 0.6104166666666667 0.3375 0.6 0.3359375 0.5979166666666667 0.3375 0.5791666666666667 0.34375 0.5708333333333333 0.35 0.5666666666666667 0.3546875 0.5666666666666667
0 0.3234375 0.19166666666666668 0.33125 0.2 0.3375 0.21875 0.3375 0.23541666666666666 0.334375 0.24375 0.325 0.2520833333333333 0.3203125 0.2520833333333333 0.3140625 0.24791666666666667 0.3046875 0.22291666666666668 0.30625 0.20416666666666666 0.3109375 0.19583333333333333 0.3171875 0.19166666666666668 0.321875 0.19166666666666668
0 0.2484375 0.55625 0.2515625 0.5583333333333333 0.25625 0.56875 0.25625 0.5895833333333333 0.2515625 0.6020833333333333 0.24375 0.6083333333333333 0.234375 0.6083333333333333 0.2234375 0.6020833333333333 0.21875 0.58125 0.2265625 0.5583333333333333 0.23125 0.5541666666666667 0.2453125 0.5541666666666667 0.246875 0.55625
0 0.6984375 0.28541666666666665 0.7046875 0.2875 0.7109375 0.29583333333333334 0.7140625 0.30833333333333335 0.7140625 0.31875 0.7078125 0.33541666666666664 0.6953125 0.3458333333333333 0.6859375 0.34375 0.6796875 0.33541666666666664 0.678125 0.3125 0.684375 0.29583333333333334 0.690625 0.2875 0.696875 0.28541666666666665
0 0.6453125 0.9125 0.6546875 0.925 0.659375 0.94375 0.6578125 0.96875 0.65 0.98125 0.6359375 0.98125 0.63125 0.9770833333333333 0.6234375 0.9541666666666667 0.6234375 0.9291666666666667 0.6265625 0.9208333333333333 0.6328125 0.9125 0.64375 0.9125
0 0.4421875 0.8916666666666667 0.45 0.8916666666666667 0.4546875 0.8958333333333334 0.459375 0.9020833333333333 0.4625 0.9145833333333333 0.4625 0.93125 0.45625 0.9520833333333333 0.4515625 0.95625 0.4390625 0.95625 0.434375 0.9520833333333333 0.428125 0.9291666666666667 0.428125 0.91875 0.4359375 0.9 0.4421875 0.89375
0 0.5578125 0.9125 0.5640625 0.9083333333333333 0.571875 0.9083333333333333 0.58125 0.9229166666666667 0.584375 0.9375 0.584375 0.9583333333333334 0.5796875 0.9729166666666667 0.56875 0.9791666666666666 0.5625 0.9770833333333333 0.55625 0.96875 0.5515625 0.95625 0.5515625 0.9291666666666667 0.553125 0.9208333333333333 0.5578125 0.9145833333333333
0 0.5796875 0.5958333333333333 0.590625 0.6083333333333333 0.59375 0.6229166666666667 0.5921875 0.6375 0.5890625 0.6458333333333334 0.58125 0.6541666666666667 0.56875 0.6520833333333333 0.5625 0.64375 0.559375 0.6291666666666667 0.5625 0.60625 0.5703125 0.5958333333333333 0.578125 0.5958333333333333
0 0.3515625 0.8833333333333333 0.3578125 0.8958333333333334 0.3578125 0.9166666666666666 0.3515625 0.9416666666666667 0.3421875 0.9479166666666666 0.334375 0.9479166666666666 0.3265625 0.9395833333333333 0.3234375 0.93125 0.3234375 0.9083333333333333 0.3265625 0.8979166666666667 0.3359375 0.8833333333333333 0.340625 0.88125 0.3484375 0.88125 0.35 0.8833333333333333
0 0.3484375 0.375 0.353125 0.37083333333333335 0.3640625 0.37083333333333335 0.3703125 0.37916666666666665 0.375 0.39166666666666666 0.3734375 0.4166666666666667 0.365625 0.4270833333333333 0.3578125 0.4270833333333333 0.3453125 0.41458333333333336 0.3421875 0.40208333333333335 0.34375 0.3875 0.3484375 0.3770833333333333
0 0.3890625 0.8875 0.396875 0.8958333333333334 0.4 0.9041666666666667 0.4015625 0.9208333333333333 0.396875 0.9416666666666667 0.3859375 0.95625 0.378125 0.95625 0.3703125 0.9479166666666666 0.3671875 0.9375 0.3671875 0.9166666666666666 0.371875 0.9 0.378125 0.8916666666666667 0.3875 0.8875