0 0.1765625 0.44166666666666665 0.1859375 0.4479166666666667 0.1890625 0.45416666666666666 0.1890625 0.4666666666666667 0.1859375 0.47291666666666665 0.1734375 0.4791666666666667 0.15625 0.4791666666666667 0.146875 0.47291666666666665 0.1421875 0.4583333333333333 0.14375 0.45 0.1515625 0.44166666666666665 0.159375 0.4395833333333333 0.175 0.44166666666666665
0 0.428125 0.46041666666666664 0.434375 0.45625 0.4484375 0.45625 0.45625 0.46041666666666664 0.4640625 0.4708333333333333 0.4640625 0.48125 0.45625 0.49375 0.434375 0.49583333333333335 0.428125 0.49166666666666664 0.421875 0.48125 0.421875 0.4708333333333333 0.428125 0.4625
0 0.359375 0.7875 0.3734375 0.7958333333333333 0.3765625 0.8020833333333334 0.3765625 0.8145833333333333 0.365625 0.8291666666666667 0.3546875 0.8333333333333334 0.346875 0.8333333333333334 0.340625 0.8291666666666667 0.334375 0.81875 0.334375 0.80625 0.34375 0.79375 0.3578125 0.7875
0 0.3046875 0.51875 0.3140625 0.5270833333333333 0.3171875 0.5333333333333333 0.3171875 0.5416666666666666 0.3078125 0.5541666666666667 0.303125 0.5541666666666667 0.296875 0.5583333333333333 0.2859375 0.5583333333333333 0.275 0.55 0.271875 0.5416666666666666 0.271875 0.5333333333333333 0.28125 0.5208333333333334 0.303125 0.51875
0 0.3734375 0.5166666666666667 0.3796875 0.51875 0.3859375 0.525 0.3890625 0.53125 0.3890625 0.5416666666666666 0.3828125 0.5520833333333334 0.3703125 0.55625 0.353125 0.5541666666666667 0.3453125 0.5416666666666666 0.3453125 0.53125 0.35 0.5229166666666667 0.35625 0.51875 0.371875 0.5166666666666667
0 0.853125 0.21666666666666667 0.8640625 0.22708333333333333 0.865625 0.24375 0.8515625 0.2625 0.8421875 0.26666666666666666 0.825 0.26666666666666666 0.81875 0.2625 0.8125 0.2520833333333333 0.8125 0.23958333333333334 0.821875 0.225 0.834375 0.21666666666666667 0.8515625 0.21666666666666667
0 0.315625 0.37083333333333335 0.3234375 0.38333333333333336 0.3234375 0.3958333333333333 0.3140625 0.40625 0.2875 0.4041666666666667 0.278125 0.39166666666666666 0.278125 0.37916666666666665 0.2875 0.36666666666666664 0.3078125 0.36666666666666664 0.3140625 0.37083333333333335
0 0.615625 0.22708333333333333 0.6234375 0.23125 0.6296875 0.24166666666666667 0.6296875 0.25625 0.6203125 0.27291666666666664 0.6109375 0.27708333333333335 0.603125 0.27708333333333335 0.590625 0.26875 0.584375 0.25625 0.584375 0.24791666666666667 0.5875 0.23958333333333334 0.596875 0.22916666666666666 0.6140625 0.22708333333333333
0 0.16875 0.6458333333333334 0.1796875 0.6541666666666667 0.18125 0.6583333333333333 0.1796875 0.6729166666666667 0.1671875 0.6833333333333333 0.15625 0.6875 0.140625 0.68125 0.1359375 0.6708333333333333 0.1359375 0.6625 0.1421875 0.6520833333333333 0.159375 0.6458333333333334 0.1671875 0.6458333333333334
0 0.14375 0.58125 0.15 0.5770833333333333 0.1671875 0.5729166666666666 0.1796875 0.5770833333333333 0.1859375 0.5875 0.1859375 0.6 0.1828125 0.60625 0.1640625 0.6145833333333334 0.15625 0.6145833333333334 0.146875 0.6104166666666667 0.140625 0.6 0.140625 0.5875 0.14375 0.5833333333333334
0 0.15625 0.6979166666666666 0.1671875 0.7041666666666667 0.1703125 0.7104166666666667 0.1703125 0.7229166666666667 0.1640625 0.73125 0.15 0.7395833333333334 0.1390625 0.7395833333333334 0.13125 0.7354166666666667 0.128125 0.73125 0.1265625 0.7166666666666667 0.13125 0.70625 0.1421875 0.7 0.1546875 0.6979166666666666
0 0.5140625 0.53125 0.5234375 0.54375 0.5234375 0.5520833333333334 0.5171875 0.5625 0.50625 0.56875 0.4984375 0.56875 0.4875 0.5645833333333333 0.48125 0.5520833333333334 0.48125 0.5458333333333333 0.484375 0.5375 0.4921875 0.53125 0.496875 0.5291666666666667 0.5109375 0.5291666666666667 0.5125 0.53125
0 0.834375 0.4791666666666667 0.8484375 0.4875 0.8515625 0.49375 0.8515625 0.50625 0.8453125 0.5166666666666667 0.8296875 0.5229166666666667 0.81875 0.5229166666666667 0.8078125 0.5166666666666667 0.803125 0.5104166666666666 0.8 0.4979166666666667 0.809375 0.48333333333333334 0.81875 0.4791666666666667 0.8328125 0.4791666666666667
0 0.78125 0.76875 0.79375 0.7625 0.80625 0.7645833333333333 0.8140625 0.76875 0.8265625 0.7854166666666667 0.8265625 0.7979166666666667 0.821875 0.8083333333333333 0.8140625 0.8125 0.8 0.8125 0.7875 0.80625 0.778125 0.7916666666666666 0.7765625 0.7791666666666667 0.778125 0.7729166666666667 0.78125 0.7708333333333334
0 0.2921875 0.6520833333333333 0.296875 0.6541666666666667 0.3015625 0.6604166666666667 0.3046875 0.6666666666666666 0.3046875 0.675 0.3 0.6854166666666667 0.296875 0.6854166666666667 0.2859375 0.69375 0.275 0.69375 0.2671875 0.6895833333333333 0.2625 0.6833333333333333 0.259375 0.6708333333333333 0.2625 0.6625 0.26875 0.65625 0.2796875 0.6520833333333333 0.290625 0.6520833333333333
0 0.7296875 0.6166666666666667 0.740625 0.6229166666666667 0.7453125 0.6291666666666667 0.75 0.6416666666666667 0.7421875 0.6541666666666667 0.7328125 0.6604166666666667 0.715625 0.6583333333333333 0.709375 0.6541666666666667 0.703125 0.64375 0.703125 0.6291666666666667 0.7078125 0.6229166666666667 0.7125 0.61875 0.728125 0.6166666666666667
0 0.1765625 0.5083333333333333 0.1859375 0.5166666666666667 0.1890625 0.525 0.1875 0.53125 0.1828125 0.5395833333333333 0.165625 0.5458333333333333 0.1546875 0.5458333333333333 0.146875 0.5416666666666666 0.140625 0.5291666666666667 0.140625 0.5208333333333334 0.14375 0.5145833333333333 0.15625 0.50625 0.175 0.5083333333333333
0 0.584375 0.6791666666666667 0.5890625 0.6833333333333333 0.5921875 0.6916666666666667 0.5921875 0.7041666666666667 0.5859375 0.7145833333333333 0.5734375 0.71875 0.559375 0.7166666666666667 0.553125 0.7083333333333334 0.55 0.7 0.55 0.6916666666666667 0.55625 0.68125 0.565625 0.675 0.5765625 0.675 0.5828125 0.6791666666666667
0 0.3015625 0.7166666666666667 0.3109375 0.725 0.3140625 0.7333333333333333 0.3140625 0.7395833333333334 0.3109375 0.7479166666666667 0.2921875 0.7604166666666666 0.278125 0.7583333333333333 0.271875 0.7520833333333333 0.26875 0.74375 0.26875 0.7354166666666667 0.275 0.725 0.284375 0.71875 0.3 0.7166666666666667
0 0.5671875 0.825 0.5765625 0.83125 0.5796875 0.8375 0.58125 0.8541666666666666 0.5765625 0.86875 0.5640625 0.875 0.5546875 0.8729166666666667 0.54375 0.8645833333333334 0.540625 0.8583333333333333 0.540625 0.8395833333333333 0.54375 0.83125 0.5515625 0.825 0.565625 0.825
0 0.371875 0.21875 0.3765625 0.22291666666666668 0.384375 0.23958333333333334 0.3828125 0.2520833333333333 0.3765625 0.2604166666666667 0.371875 0.2625 0.359375 0.2625 0.346875 0.25416666666666665 0.340625 0.24583333333333332 0.3390625 0.23958333333333334 0.340625 0.22708333333333333 0.346875 0.21875 0.35625 0.21458333333333332 0.3640625 0.21458333333333332 0.3703125 0.21875
0 0.8453125 0.2875 0.8546875 0.2916666666666667 0.8609375 0.3 0.8609375 0.31875 0.8578125 0.325 0.840625 0.33541666666666664 0.821875 0.33541666666666664 0.815625 0.33125 0.809375 0.3229166666666667 0.809375 0.30625 0.821875 0.2916666666666667 0.8328125 0.2875 0.84375 0.2875
0 0.8234375 0.55 0.8390625 0.5583333333333333 0.8421875 0.5645833333333333 0.8421875 0.58125 0.8390625 0.5875 0.821875 0.5958333333333333 0.809375 0.59375 0.79375 0.5770833333333333 0.79375 0.5666666666666667 0.8015625 0.5541666666666667 0.8109375 0.55 0.821875 0.55
0 0.84375 0.3875 0.8546875 0.39375 0.8578125 0.4 0.859375 0.41041666666666665 0.8578125 0.4166666666666667 0.8515625 0.425 0.8421875 0.43125 0.815625 0.42916666666666664 0.809375 0.42291666666666666 0.80625 0.41458333333333336 0.80625 0.4041666666666667 0.8171875 0.39166666666666666 0.828125 0.3875 0.8421875 0.3875
0 0.603125 0.3770833333333333 0.6140625 0.3875 0.615625 0.4041666666666667 0.6078125 0.4166666666666667 0.596875 0.42083333333333334 0.5796875 0.4166666666666667 0.571875 0.40625 0.571875 0.39375 0.58125 0.37916666666666665 0.5921875 0.375 0.6015625 0.3770833333333333
0 0.8125 0.6895833333333333 0.83125 0.6979166666666666 0.8359375 0.7104166666666667 0.834375 0.725 0.8234375 0.7354166666666667 0.8015625 0.7333333333333333 0.7875 0.71875 0.7859375 0.7020833333333333 0.790625 0.69375 0.796875 0.6895833333333333 0.8109375 0.6895833333333333
0 0.43125 0.6666666666666666 0.4421875 0.6729166666666667 0.4453125 0.6791666666666667 0.4453125 0.6895833333333333 0.4359375 0.70625 0.4265625 0.7104166666666667 0.415625 0.7083333333333334 0.40625 0.7020833333333333 0.403125 0.6958333333333333 0.403125 0.68125 0.409375 0.6729166666666667 0.41875 0.6666666666666666 0.4296875 0.6666666666666666
0 0.815625 0.63125 0.83125 0.6375 0.8421875 0.6520833333333333 0.840625 0.6666666666666666 0.8359375 0.6729166666666667 0.828125 0.6770833333333334 0.80625 0.675 0.79375 0.6625 0.790625 0.6520833333333333 0.79375 0.6416666666666667 0.803125 0.6333333333333333 0.8140625 0.63125