0 0.4515625 0.19791666666666666 0.02890625 0.05416666666666667
0 0.65390625 0.37395833333333334 0.0328125 0.057291666666666664
0 0.4171875 0.03854166666666667 0.02890625 0.058333333333333334
0 0.3734375 0.8197916666666667 0.03203125 0.06145833333333333
0 0.45 0.284375 0.028125 0.053125
0 0.334375 0.815625 0.0328125 0.06145833333333333
0 0.5046875 0.036458333333333336 0.02890625 0.058333333333333334
0 0.6421875 0.5708333333333333 0.0328125 0.05520833333333333
0 0.4640625 0.03333333333333333 0.02890625 0.058333333333333334
0 0.36484375 0.035416666666666666 0.0296875 0.057291666666666664
0 0.475 0.8302083333333333 0.03125 0.059375
0 0.121875 0.36354166666666665 0.0328125 0.053125
0 0.303125 0.353125 0.03046875 0.05520833333333333
0 0.16484375 0.23854166666666668 0.03125 0.05520833333333333
0 0.428125 0.821875 0.03203125 0.06145833333333333
0 0.53125 0.84375 0.03125 0.059375
0 0.34453125 0.44583333333333336 0.03125 0.05520833333333333
0 0.44296875 0.5427083333333333 0.03125 0.05416666666666667
0 0.171875 0.3104166666666667 0.03203125 0.05416666666666667
0 0.2703125 0.18854166666666666 0.03203125 0.05520833333333333
0 0.22421875 0.015625 0.0296875 0.03125
0 0.184375 0.028125 0.03046875 0.05416666666666667