0 0.15625 0.20520833333333333 0.0296875 0.051041666666666666
0 0.2609375 0.421875 0.03046875 0.051041666666666666
0 0.2078125 0.340625 0.03046875 0.051041666666666666
0 0.2203125 0.5979166666666667 0.03203125 0.05416666666666667
0 0.53046875 0.10520833333333333 0.028125 0.05520833333333333
0 0.528125 0.18958333333333333 0.028125 0.05416666666666667
0 0.25 0.225 0.02890625 0.053125
0 0.49375 0.035416666666666666 0.0265625 0.05416666666666667
0 0.2890625 0.10625 0.028125 0.051041666666666666
0 0.271875 0.030208333333333334 0.028125 0.051041666666666666
0 0.725 0.3614583333333333 0.03515625 0.058333333333333334
0 0.4421875 0.03333333333333333 0.02734375 0.053125
0 0.4578125 0.5802083333333333 0.02890625 0.051041666666666666
0 0.25546875 0.290625 0.0296875 0.051041666666666666
0 0.53828125 0.027083333333333334 0.028125 0.05416666666666667
0 0.30859375 0.017708333333333333 0.0265625 0.035416666666666666
0 0.56640625 0.3458333333333333 0.0296875 0.053125
0 0.5140625 0.5052083333333334 0.02890625 0.053125
0 0.503125 0.603125 0.02890625 0.05
0 0.4578125 0.6729166666666667 0.03046875 0.05416666666666667
0 0.50859375 0.678125 0.0296875 0.05416666666666667