0 0.6765625 0.6239583333333333 0.03125 0.05416666666666667
0 0.5265625 0.10520833333333333 0.028125 0.058333333333333334
0 0.4828125 0.109375 0.028125 0.05416666666666667
0 0.575 0.3625 0.025 0.05
0 0.6796875 0.3625 0.028125 0.05416666666666667
0 0.375 0.8854166666666666 0.03125 0.058333333333333334
0 0.4265625 0.884375 0.03125 0.058333333333333334
0 0.571875 0.8927083333333333 0.03125 0.0625
0 0.62109375 0.5302083333333333 0.0265625 0.04583333333333333
0 0.38984375 0.10520833333333333 0.0296875 0.05416666666666667
0 0.28359375 0.6135416666666667 0.034375 0.05416666666666667
0 0.484375 0.18854166666666666 0.028125 0.05416666666666667
0 0.290625 0.3572916666666667 0.03125 0.05416666666666667
0 0.475 0.7989583333333333 0.028125 0.05416666666666667
0 0.4828125 0.26979166666666665 0.028125 0.05416666666666667
0 0.52890625 0.19166666666666668 0.028125 0.05416666666666667
0 0.67734375 0.275 0.03125 0.05416666666666667
0 0.34296875 0.10520833333333333 0.0296875 0.05416666666666667
0 0.5765625 0.534375 0.0265625 0.05
0 0.52578125 0.7822916666666667 0.028125 0.05416666666666667
0 0.3421875 0.18541666666666667 0.03125 0.05416666666666667
0 0.4796875 0.4427083333333333 0.028125 0.05
0 0.340625 0.35625 0.03125 0.05416666666666667