0 0.2890625 0.2833333333333333 0.29375 0.2791666666666667 0.3015625 0.2791666666666667 0.3125 0.2916666666666667 0.3140625 0.29791666666666666 0.3140625 0.31875 0.3125 0.3229166666666667 0.30625 0.33125 0.296875 0.33125 0.284375 0.3145833333333333 0.284375 0.29583333333333334 0.2890625 0.28541666666666665
0 0.6890625 0.016666666666666666 0.696875 0.0125 0.70625 0.016666666666666666 0.7125 0.035416666666666666 0.709375 0.05625 0.703125 0.06875 0.6984375 0.07291666666666667 0.6890625 0.07291666666666667 0.6828125 0.06666666666666667 0.6796875 0.05416666666666667 0.68125 0.052083333333333336 0.6828125 0.029166666666666667 0.6890625 0.01875
0 0.490625 0.28125 0.4953125 0.2833333333333333 0.503125 0.29583333333333334 0.5046875 0.31666666666666665 0.5015625 0.32708333333333334 0.4953125 0.33541666666666664 0.4875 0.3375 0.48125 0.33125 0.478125 0.3229166666666667 0.4765625 0.31666666666666665 0.478125 0.29375 0.484375 0.2833333333333333 0.4890625 0.2833333333333333
0 0.703125 0.8760416666666667 0.03671875 0.065625
0 0.6953125 0.56875 0.7 0.5708333333333333 0.70625 0.5791666666666667 0.709375 0.5895833333333333 0.7078125 0.6125 0.7 0.6229166666666667 0.6859375 0.6229166666666667 0.678125 0.6145833333333334 0.675 0.6020833333333333 0.675 0.5916666666666667 0.678125 0.58125 0.6859375 0.5708333333333333 0.69375 0.56875
0 0.39375 0.3625 0.4 0.375 0.4 0.4 0.396875 0.4083333333333333 0.390625 0.41458333333333336 0.38125 0.41041666666666665 0.375 0.40208333333333335 0.371875 0.39166666666666666 0.371875 0.37916666666666665 0.3734375 0.37083333333333335 0.378125 0.3625 0.3828125 0.36041666666666666 0.390625 0.36041666666666666 0.3921875 0.3625
0 0.3296875 0.7208333333333333 0.3359375 0.725 0.3390625 0.7333333333333333 0.340625 0.7520833333333333 0.3375 0.7604166666666666 0.325 0.7729166666666667 0.31875 0.7729166666666667 0.3125 0.7666666666666667 0.309375 0.7541666666666667 0.309375 0.74375 0.3171875 0.725 0.3234375 0.7208333333333333 0.328125 0.7208333333333333
0 0.396875 0.020833333333333332 0.4046875 0.029166666666666667 0.409375 0.05416666666666667 0.4046875 0.07291666666666667 0.3984375 0.07916666666666666 0.3890625 0.07708333333333334 0.384375 0.06875 0.3796875 0.052083333333333336 0.3796875 0.03958333333333333 0.3828125 0.029166666666666667 0.390625 0.020833333333333332 0.3953125 0.020833333333333332
0 0.4546875 0.029166666666666667 0.459375 0.04791666666666667 0.459375 0.06666666666666667 0.45625 0.07708333333333334 0.4484375 0.08333333333333333 0.440625 0.08125 0.4359375 0.075 0.43125 0.05625 0.43125 0.04375 0.434375 0.03333333333333333 0.4390625 0.027083333333333334 0.45 0.025 0.453125 0.029166666666666667
0 0.6484375 0.6458333333333334 0.6578125 0.6541666666666667 0.6625 0.6708333333333333 0.6609375 0.6895833333333333 0.6515625 0.7020833333333333 0.64375 0.7020833333333333 0.6375 0.6979166666666666 0.6296875 0.68125 0.6296875 0.6625 0.6328125 0.6541666666666667 0.6421875 0.6458333333333334 0.646875 0.6458333333333334
0 0.3515625 0.19583333333333333 0.35625 0.2 0.3625 0.21666666666666667 0.3609375 0.23958333333333334 0.35625 0.24791666666666667 0.3515625 0.25 0.34375 0.24791666666666667 0.3375 0.23958333333333334 0.3328125 0.22708333333333333 0.3328125 0.20833333333333334 0.334375 0.20416666666666666 0.340625 0.19583333333333333 0.346875 0.19375 0.35 0.19583333333333333
0 0.4140625 0.8333333333333334 0.4171875 0.8333333333333334 0.4203125 0.8291666666666667 0.425 0.8291666666666667 0.4296875 0.8333333333333334 0.434375 0.84375 0.4359375 0.8541666666666666 0.4328125 0.875 0.4265625 0.8854166666666666 0.421875 0.8895833333333333 0.4171875 0.8895833333333333 0.4109375 0.8854166666666666 0.4046875 0.8729166666666667 0.4046875 0.8583333333333333 0.4078125 0.8458333333333333 0.4140625 0.8354166666666667
0 0.48125 0.6395833333333333 0.4890625 0.6458333333333334 0.49375 0.6625 0.49375 0.6729166666666667 0.490625 0.68125 0.4796875 0.6916666666666667 0.4734375 0.6895833333333333 0.465625 0.6729166666666667 0.4671875 0.6520833333333333 0.4734375 0.6416666666666667 0.4796875 0.6395833333333333
0 0.3875 0.5416666666666666 0.3953125 0.55 0.3984375 0.5583333333333333 0.396875 0.5833333333333334 0.3875 0.5916666666666667 0.378125 0.5895833333333333 0.3703125 0.5770833333333333 0.3703125 0.5583333333333333 0.3734375 0.55 0.38125 0.5416666666666666 0.3859375 0.5416666666666666
0 0.478125 0.8291666666666667 0.4875 0.8375 0.490625 0.8479166666666667 0.4890625 0.875 0.478125 0.8895833333333333 0.46875 0.8854166666666666 0.4625 0.875 0.4625 0.85 0.4671875 0.8375 0.4765625 0.8291666666666667
0 0.5171875 0.89375 0.5109375 0.875 0.5109375 0.85625 0.5140625 0.8458333333333333 0.5203125 0.8375 0.53125 0.8375 0.534375 0.8416666666666667 0.5390625 0.8541666666666666 0.5390625 0.88125 0.5359375 0.8895833333333333 0.5265625 0.8979166666666667 0.51875 0.89375
0 0.4 0.18333333333333332 0.40625 0.19791666666666666 0.4078125 0.21875 0.403125 0.23125 0.4 0.23541666666666666 0.39375 0.2375 0.3859375 0.23125 0.3796875 0.21666666666666667 0.3796875 0.19375 0.3890625 0.18125 0.3953125 0.17916666666666667 0.3984375 0.18333333333333332
0 0.390625 0.8270833333333333 0.396875 0.8416666666666667 0.396875 0.8541666666666666 0.3921875 0.8770833333333333 0.3828125 0.8833333333333333 0.3734375 0.88125 0.36875 0.875 0.365625 0.8645833333333334 0.365625 0.8520833333333333 0.3703125 0.8354166666666667 0.375 0.8291666666666667 0.3796875 0.825 0.3875 0.825 0.3890625 0.8270833333333333
0 0.48828125 0.21875 0.0296875 0.057291666666666664
0 0.590625 0.37083333333333335 0.5984375 0.38125 0.6015625 0.39791666666666664 0.5953125 0.41875 0.5875 0.425 0.58125 0.425 0.5734375 0.4166666666666667 0.571875 0.3875 0.5765625 0.375 0.58125 0.37083333333333335 0.5890625 0.37083333333333335
0 0.546875 0.022916666666666665 0.55 0.025 0.5546875 0.03958333333333333 0.5546875 0.06041666666666667 0.55 0.075 0.54375 0.08125 0.5359375 0.08125 0.53125 0.07708333333333334 0.528125 0.06875 0.5265625 0.04583333333333333 0.528125 0.04375 0.528125 0.03333333333333333 0.534375 0.025 0.5453125 0.022916666666666665
0 0.2828125 0.5333333333333333 0.290625 0.5375 0.2953125 0.5458333333333333 0.296875 0.55625 0.296875 0.5645833333333333 0.29375 0.575 0.2828125 0.5854166666666667 0.2703125 0.58125 0.2640625 0.5708333333333333 0.2640625 0.5520833333333334 0.2671875 0.5416666666666666 0.2765625 0.5333333333333333 0.28125 0.5333333333333333
0 0.3390625 0.81875 0.34375 0.825 0.3453125 0.83125 0.3453125 0.8520833333333333 0.3421875 0.8625 0.334375 0.8729166666666667 0.3234375 0.8729166666666667 0.3171875 0.8666666666666667 0.3140625 0.8583333333333333 0.3140625 0.8416666666666667 0.325 0.8208333333333333 0.33125 0.8166666666666667 0.3375 0.81875
0 0.6 0.5541666666666667 0.6046875 0.5666666666666667 0.6046875 0.5875 0.6 0.5979166666666667 0.5953125 0.6020833333333333 0.584375 0.6020833333333333 0.578125 0.59375 0.575 0.5854166666666667 0.575 0.5666666666666667 0.584375 0.55 0.5953125 0.55 0.5984375 0.5541666666666667
0 0.6578125 0.8416666666666667 0.6625 0.8458333333333333 0.6703125 0.8666666666666667 0.66875 0.8895833333333333 0.665625 0.8979166666666667 0.6578125 0.9041666666666667 0.65 0.9020833333333333 0.6453125 0.8979166666666667 0.6421875 0.89375 0.640625 0.8833333333333333 0.6375 0.8770833333333333 0.6375 0.85625 0.6421875 0.8458333333333333 0.65 0.8395833333333333 0.65625 0.8416666666666667
0 0.3609375 0.010416666666666666 0.365625 0.014583333333333334 0.36875 0.022916666666666665 0.371875 0.05 0.3703125 0.05625 0.3640625 0.06458333333333334 0.359375 0.06666666666666667 0.353125 0.06458333333333334 0.3484375 0.058333333333333334 0.3484375 0.05416666666666667 0.3421875 0.03958333333333333 0.3421875 0.029166666666666667 0.3453125 0.016666666666666666 0.3515625 0.010416666666666666 0.359375 0.010416666666666666
0 0.484375 0.5375 0.49375 0.5541666666666667 0.49375 0.5729166666666666 0.490625 0.58125 0.48125 0.5895833333333333 0.4703125 0.58125 0.4671875 0.575 0.465625 0.5625 0.4703125 0.54375 0.478125 0.5375 0.4828125 0.5375
0 0.5953125 0.8458333333333333 0.6015625 0.8604166666666667 0.603125 0.8791666666666667 0.5984375 0.8958333333333334 0.59375 0.9020833333333333 0.584375 0.9020833333333333 0.5796875 0.8979166666666667 0.5765625 0.89375 0.571875 0.8770833333333333 0.571875 0.8604166666666667 0.575 0.85 0.58125 0.8416666666666667 0.5921875 0.8416666666666667 0.59375 0.8458333333333333
0 0.496875 0.022916666666666665 0.5015625 0.025 0.5078125 0.04375 0.5078125 0.06041666666666667 0.5046875 0.07083333333333333 0.4984375 0.08125 0.4890625 0.08125 0.484375 0.075 0.4796875 0.05416666666666667 0.4796875 0.041666666666666664 0.4828125 0.03125 0.4875 0.025 0.4953125 0.022916666666666665
0 0.65625 0.1875 0.6609375 0.19375 0.6625 0.2 0.6625 0.21875 0.6578125 0.23125 0.6515625 0.23958333333333334 0.6453125 0.24375 0.6390625 0.24166666666666667 0.63125 0.22708333333333333 0.6328125 0.20416666666666666 0.640625 0.1875 0.646875 0.18333333333333332 0.6546875 0.1875
0 0.5921875 0.18958333333333333 0.596875 0.19166666666666668 0.6046875 0.20416666666666666 0.6046875 0.22708333333333333 0.5984375 0.24166666666666667 0.59375 0.24791666666666667 0.584375 0.24791666666666667 0.5796875 0.24375 0.5765625 0.23541666666666666 0.5765625 0.20833333333333334 0.584375 0.19166666666666668 0.590625 0.19166666666666668
0 0.6921875 0.26666666666666666 0.7 0.2625 0.70625 0.26458333333333334 0.7125 0.2708333333333333 0.715625 0.2791666666666667 0.715625 0.29791666666666666 0.7125 0.30625 0.703125 0.31875 0.6921875 0.32083333333333336 0.6890625 0.31875 0.6828125 0.30625 0.6828125 0.28958333333333336 0.6890625 0.2708333333333333 0.6921875 0.26875