0 0.6765625 0.37604166666666666 0.03125 0.05416666666666667
0 0.475 0.11145833333333334 0.0296875 0.058333333333333334
0 0.5703125 0.10625 0.03125 0.058333333333333334
0 0.28359375 0.38645833333333335 0.0328125 0.05416666666666667
0 0.5203125 0.10729166666666666 0.028125 0.058333333333333334
0 0.52734375 0.8947916666666667 0.0296875 0.058333333333333334
0 0.4828125 0.890625 0.028125 0.058333333333333334
0 0.484375 0.8104166666666667 0.028125 0.05416666666666667
0 0.375 0.115625 0.03125 0.058333333333333334
0 0.290625 0.6427083333333333 0.03125 0.05416666666666667
0 0.47578125 0.46979166666666666 0.028125 0.05
0 0.38984375 0.8947916666666667 0.0296875 0.058333333333333334
0 0.575 0.6385416666666667 0.028125 0.05
0 0.4828125 0.7302083333333333 0.028125 0.05416666666666667
0 0.6796875 0.6385416666666667 0.0296875 0.05416666666666667
0 0.67734375 0.8135416666666667 0.03125 0.05416666666666667
0 0.34296875 0.8947916666666667 0.0296875 0.05416666666666667
0 0.678125 0.7260416666666667 0.03125 0.05416666666666667
0 0.625 0.19895833333333332 0.0296875 0.058333333333333334
0 0.5765625 0.4666666666666667 0.0265625 0.05
0 0.32421875 0.128125 0.0328125 0.058333333333333334
0 0.4296875 0.3875 0.03125 0.05416666666666667
0 0.3421875 0.815625 0.03125 0.05416666666666667
0 0.5734375 0.284375 0.028125 0.05416666666666667
0 0.4796875 0.5552083333333333 0.028125 0.05
0 0.425 0.209375 0.03125 0.058333333333333334
0 0.4265625 0.1125 0.028125 0.05416666666666667