0 0.584375 0.83125 0.596875 0.8395833333333333 0.6015625 0.8541666666666666 0.6 0.8666666666666667 0.590625 0.875 0.575 0.875 0.5640625 0.8604166666666667 0.5625 0.85 0.5640625 0.8416666666666667 0.575 0.83125 0.5828125 0.83125
0 0.5765625 0.3020833333333333 0.584375 0.30416666666666664 0.5921875 0.3125 0.59375 0.32708333333333334 0.584375 0.33958333333333335 0.5796875 0.3416666666666667 0.5703125 0.3416666666666667 0.5609375 0.33541666666666664 0.5578125 0.32916666666666666 0.5578125 0.31666666666666665 0.5640625 0.30625 0.575 0.30416666666666664
0 0.5171875 0.3770833333333333 0.525 0.38333333333333336 0.528125 0.39375 0.525 0.4041666666666667 0.515625 0.41041666666666665 0.4984375 0.4083333333333333 0.49375 0.39791666666666664 0.49375 0.38958333333333334 0.5 0.37916666666666665 0.515625 0.3770833333333333
0 0.39375 0.30416666666666664 0.403125 0.3145833333333333 0.403125 0.32708333333333334 0.4 0.3333333333333333 0.390625 0.33958333333333335 0.3796875 0.3375 0.3734375 0.3333333333333333 0.3671875 0.325 0.365625 0.31666666666666665 0.3671875 0.3104166666666667 0.3765625 0.3020833333333333 0.390625 0.3020833333333333 0.3921875 0.30416666666666664
0 0.2578125 0.7583333333333333 0.265625 0.7645833333333333 0.26875 0.7708333333333334 0.26875 0.7791666666666667 0.2625 0.7895833333333333 0.253125 0.7979166666666667 0.2390625 0.7979166666666667 0.2328125 0.79375 0.2296875 0.7895833333333333 0.228125 0.775 0.2328125 0.7666666666666667 0.240625 0.7604166666666666 0.25625 0.7583333333333333
0 0.7859375 0.49583333333333335 0.796875 0.5 0.803125 0.5083333333333333 0.803125 0.5208333333333334 0.8 0.5270833333333333 0.7890625 0.5333333333333333 0.771875 0.53125 0.7609375 0.51875 0.7609375 0.5083333333333333 0.7671875 0.5 0.784375 0.49583333333333335
0 0.7921875 0.6895833333333333 0.803125 0.69375 0.8140625 0.7041666666666667 0.815625 0.7104166666666667 0.8140625 0.7208333333333333 0.803125 0.73125 0.7859375 0.7291666666666666 0.7796875 0.725 0.7703125 0.7104166666666667 0.7703125 0.70625 0.7765625 0.69375 0.790625 0.6895833333333333
0 0.3890625 0.8270833333333333 0.3953125 0.83125 0.4015625 0.8416666666666667 0.4 0.8583333333333333 0.3890625 0.86875 0.3734375 0.86875 0.3640625 0.8583333333333333 0.3640625 0.84375 0.375 0.8291666666666667 0.3875 0.8270833333333333
0 0.2625 0.5625 0.271875 0.5708333333333333 0.2734375 0.5833333333333334 0.26875 0.5916666666666667 0.25625 0.5979166666666667 0.2390625 0.5958333333333333 0.2328125 0.5854166666666667 0.2328125 0.5770833333333333 0.24375 0.5625 0.2609375 0.5625
0 0.328125 0.30625 0.3390625 0.32083333333333336 0.3375 0.33541666666666664 0.328125 0.3416666666666667 0.3125 0.33958333333333335 0.3046875 0.3333333333333333 0.3 0.3229166666666667 0.3015625 0.3125 0.3078125 0.30625 0.3140625 0.30416666666666664 0.325 0.30416666666666664 0.3265625 0.30625
0 0.65625 0.49583333333333335 0.665625 0.5 0.6703125 0.5083333333333333 0.66875 0.5229166666666667 0.659375 0.53125 0.6421875 0.5291666666666667 0.6328125 0.5166666666666667 0.6328125 0.50625 0.6390625 0.4979166666666667 0.6546875 0.49583333333333335
0 0.3921875 0.4375 0.403125 0.4479166666666667 0.403125 0.46041666666666664 0.396875 0.46875 0.384375 0.47291666666666665 0.3765625 0.4708333333333333 0.3671875 0.46041666666666664 0.365625 0.45416666666666666 0.3765625 0.4375 0.38125 0.4354166666666667 0.390625 0.4375
0 0.3296875 0.5604166666666667 0.3375 0.5645833333333333 0.3421875 0.5708333333333333 0.34375 0.5791666666666667 0.3375 0.5916666666666667 0.321875 0.5979166666666667 0.3109375 0.59375 0.3046875 0.5854166666666667 0.303125 0.5770833333333333 0.3109375 0.5645833333333333 0.3203125 0.5604166666666667 0.328125 0.5604166666666667
0 0.7921875 0.4395833333333333 0.796875 0.44375 0.8 0.45625 0.796875 0.46458333333333335 0.7875 0.47291666666666665 0.7671875 0.4708333333333333 0.7578125 0.46041666666666664 0.75625 0.45416666666666666 0.7578125 0.4479166666666667 0.7625 0.44166666666666665 0.7703125 0.4375 0.78125 0.4354166666666667 0.790625 0.4395833333333333
0 0.4984375 0.4395833333333333 0.5078125 0.43333333333333335 0.51875 0.43333333333333335 0.53125 0.44375 0.53125 0.45625 0.525 0.46458333333333335 0.5109375 0.46875 0.4984375 0.4583333333333333 0.496875 0.45208333333333334 0.4984375 0.44166666666666665
0 0.1875 0.5041666666666667 0.1890625 0.50625 0.2046875 0.5083333333333333 0.2109375 0.51875 0.209375 0.53125 0.196875 0.5395833333333333 0.178125 0.5395833333333333 0.1703125 0.53125 0.16875 0.525 0.1703125 0.5145833333333333 0.1765625 0.50625 0.1859375 0.5041666666666667
0 0.20625 0.56875 0.2109375 0.5708333333333333 0.215625 0.5770833333333333 0.215625 0.5854166666666667 0.2125 0.59375 0.196875 0.6020833333333333 0.1796875 0.6 0.1734375 0.5916666666666667 0.1734375 0.5791666666666667 0.1765625 0.5729166666666666 0.1859375 0.5666666666666667 0.203125 0.5666666666666667 0.2046875 0.56875
0 0.7171875 0.5625 0.728125 0.5666666666666667 0.734375 0.5791666666666667 0.734375 0.5854166666666667 0.73125 0.5916666666666667 0.7203125 0.6 0.7046875 0.5979166666666667 0.6984375 0.59375 0.6921875 0.58125 0.6921875 0.575 0.6984375 0.5645833333333333 0.7015625 0.5625 0.715625 0.5625