0 0.675 0.3 0.678125 0.30833333333333335 0.678125 0.3229166666666667 0.6796875 0.325 0.678125 0.3333333333333333 0.66875 0.34791666666666665 0.6609375 0.3541666666666667 0.6515625 0.35208333333333336 0.6453125 0.34375 0.64375 0.32708333333333334 0.646875 0.30833333333333335 0.6546875 0.29583333333333334 0.6609375 0.2916666666666667 0.671875 0.29583333333333334 0.6734375 0.3
0 0.41875 0.6916666666666667 0.4265625 0.7041666666666667 0.428125 0.7270833333333333 0.425 0.7375 0.4171875 0.7479166666666667 0.403125 0.7458333333333333 0.396875 0.7354166666666667 0.3953125 0.7270833333333333 0.3953125 0.7166666666666667 0.4 0.7020833333333333 0.409375 0.6916666666666667 0.4171875 0.6916666666666667
0 0.2046875 0.5645833333333333 0.215625 0.5708333333333333 0.21875 0.575 0.221875 0.5875 0.2203125 0.60625 0.2125 0.61875 0.2078125 0.6208333333333333 0.19375 0.6208333333333333 0.190625 0.61875 0.1875 0.6145833333333334 0.1828125 0.5979166666666667 0.184375 0.58125 0.1890625 0.5708333333333333 0.1921875 0.5666666666666667 0.203125 0.5645833333333333
0 0.4421875 0.20625 0.4484375 0.21666666666666667 0.4515625 0.2375 0.446875 0.25625 0.440625 0.26458333333333334 0.4328125 0.26458333333333334 0.425 0.25625 0.41875 0.23125 0.4203125 0.21875 0.425 0.20833333333333334 0.43125 0.20416666666666666 0.4390625 0.20416666666666666 0.440625 0.20625
0 0.4453125 0.30833333333333335 0.4515625 0.32083333333333336 0.4515625 0.3458333333333333 0.446875 0.35625 0.4390625 0.3625 0.43125 0.36041666666666666 0.425 0.35208333333333336 0.4203125 0.3333333333333333 0.4203125 0.325 0.4234375 0.3125 0.43125 0.30416666666666664 0.4421875 0.30416666666666664 0.44375 0.30833333333333335
0 0.08125 0.4 0.0890625 0.4083333333333333 0.090625 0.41458333333333336 0.0890625 0.4375 0.08125 0.4479166666666667 0.06875 0.4479166666666667 0.0609375 0.44375 0.05625 0.43125 0.05625 0.4125 0.059375 0.4041666666666667 0.065625 0.3958333333333333 0.0765625 0.3958333333333333 0.0796875 0.4
0 0.2890625 0.008333333333333333 0.2953125 0.00625 0.3046875 0.008333333333333333 0.3078125 0.0125 0.3140625 0.03333333333333333 0.3140625 0.052083333333333336 0.3109375 0.06041666666666667 0.303125 0.06875 0.2984375 0.06875 0.29375 0.06458333333333334 0.2859375 0.052083333333333336 0.2828125 0.041666666666666664 0.2828125 0.020833333333333332 0.2890625 0.010416666666666666
0 0.6609375 0.6333333333333333 0.6671875 0.6479166666666667 0.6671875 0.6708333333333333 0.665625 0.6770833333333334 0.653125 0.6895833333333333 0.6421875 0.6854166666666667 0.6359375 0.6770833333333334 0.63125 0.6645833333333333 0.63125 0.6479166666666667 0.634375 0.6395833333333333 0.64375 0.6291666666666667 0.6515625 0.6270833333333333 0.659375 0.6333333333333333
0 0.31875 0.9041666666666667 0.321875 0.9166666666666666 0.3203125 0.94375 0.3125 0.9604166666666667 0.3046875 0.9666666666666667 0.296875 0.9666666666666667 0.290625 0.9604166666666667 0.2859375 0.9479166666666666 0.2859375 0.925 0.2890625 0.9145833333333333 0.3015625 0.9 0.3109375 0.8979166666666667 0.315625 0.9 0.3171875 0.9041666666666667
0 0.41875 0.9125 0.4234375 0.9208333333333333 0.425 0.9458333333333333 0.4203125 0.9645833333333333 0.4125 0.9770833333333333 0.4015625 0.9770833333333333 0.3921875 0.9666666666666667 0.390625 0.9375 0.3953125 0.9208333333333333 0.4015625 0.9125 0.40625 0.9083333333333333 0.4140625 0.9083333333333333 0.4171875 0.9125
0 0.46875 0.9208333333333333 0.4765625 0.9333333333333333 0.478125 0.9583333333333334 0.4734375 0.98125 0.4609375 0.9895833333333334 0.4484375 0.9770833333333333 0.44375 0.95625 0.44375 0.9458333333333333 0.45 0.9291666666666667 0.4578125 0.91875 0.465625 0.91875 0.4671875 0.9208333333333333
0 0.25 0.9208333333333333 0.040625 0.07083333333333333
0 0.3390625 0.01875 0.34375 0.020833333333333332 0.35 0.03125 0.3546875 0.05 0.3546875 0.06458333333333334 0.3453125 0.08125 0.334375 0.07916666666666666 0.3296875 0.07291666666666667 0.321875 0.052083333333333336 0.321875 0.041666666666666664 0.325 0.029166666666666667 0.33125 0.020833333333333332 0.3375 0.01875
0 0.3203125 0.5833333333333334 0.328125 0.5916666666666667 0.33125 0.6 0.33125 0.6229166666666667 0.328125 0.63125 0.31875 0.6395833333333333 0.30625 0.6395833333333333 0.2984375 0.6270833333333333 0.2984375 0.6125 0.296875 0.6104166666666667 0.2984375 0.5979166666666667 0.3046875 0.5875 0.31875 0.5833333333333334
0 0.2328125 0.2916666666666667 0.24375 0.30416666666666664 0.246875 0.3145833333333333 0.2453125 0.3375 0.2375 0.34791666666666665 0.2265625 0.34791666666666665 0.215625 0.33541666666666664 0.2125 0.32708333333333334 0.2125 0.3104166666666667 0.215625 0.3 0.2234375 0.2916666666666667 0.23125 0.2916666666666667
0 0.490625 0.4125 0.4953125 0.42083333333333334 0.496875 0.44583333333333336 0.4953125 0.45208333333333334 0.4890625 0.46041666666666664 0.484375 0.4625 0.478125 0.4625 0.4703125 0.45625 0.4671875 0.4479166666666667 0.465625 0.42916666666666664 0.4671875 0.42083333333333334 0.4734375 0.41041666666666665 0.4875 0.4083333333333333 0.4890625 0.4125
0 0.35625 0.9083333333333333 0.3640625 0.9229166666666667 0.3640625 0.94375 0.3546875 0.96875 0.3453125 0.975 0.3375 0.9729166666666667 0.33125 0.9645833333333333 0.328125 0.9541666666666667 0.328125 0.9416666666666667 0.33125 0.93125 0.33125 0.9229166666666667 0.3375 0.9125 0.3484375 0.9041666666666667 0.3546875 0.9083333333333333
0 0.3890625 0.025 0.39375 0.022916666666666665 0.4046875 0.025 0.4109375 0.03958333333333333 0.4125 0.05 0.4125 0.06875 0.4078125 0.08125 0.403125 0.08541666666666667 0.39375 0.08541666666666667 0.3875 0.07708333333333334 0.3828125 0.0625 0.3828125 0.0375 0.3890625 0.027083333333333334
0 0.5296875 0.7 0.5421875 0.7125 0.5453125 0.725 0.54375 0.74375 0.5328125 0.7604166666666666 0.5265625 0.7604166666666666 0.521875 0.75625 0.5125 0.7333333333333333 0.51875 0.70625 0.528125 0.7
0 0.440625 0.016666666666666666 0.4453125 0.0125 0.453125 0.0125 0.459375 0.020833333333333332 0.4640625 0.0375 0.4640625 0.05625 0.4609375 0.06666666666666667 0.453125 0.07708333333333334 0.446875 0.07708333333333334 0.4390625 0.06875 0.4328125 0.04375 0.434375 0.029166666666666667 0.4375 0.020833333333333332 0.440625 0.01875
0 0.49375 0.08125 0.4875 0.07916666666666666 0.4828125 0.07291666666666667 0.4796875 0.0625 0.478125 0.035416666666666666 0.48125 0.025 0.4890625 0.016666666666666666 0.5 0.016666666666666666 0.5078125 0.029166666666666667 0.509375 0.03958333333333333 0.5078125 0.06458333333333334 0.5015625 0.07708333333333334 0.4953125 0.07916666666666666
0 0.328125 0.3854166666666667 0.3359375 0.3958333333333333 0.3390625 0.40625 0.3375 0.4270833333333333 0.3296875 0.4395833333333333 0.3203125 0.4395833333333333 0.3140625 0.4354166666666667 0.309375 0.42916666666666664 0.3046875 0.41458333333333336 0.3078125 0.39375 0.3171875 0.38333333333333336 0.325 0.38333333333333336 0.3265625 0.3854166666666667
0 0.0921875 0.4 0.1 0.4270833333333333 0.1 0.4479166666666667 0.0953125 0.46041666666666664 0.0875 0.4666666666666667 0.075 0.46458333333333335 0.059375 0.45208333333333334 0.053125 0.4354166666666667 0.053125 0.42083333333333334 0.059375 0.4041666666666667 0.0640625 0.4 0.0703125 0.4 0.0765625 0.39375 0.084375 0.39375 0.0890625 0.3958333333333333 0.090625 0.4