0 0.22421875 0.48125 0.040625 0.035416666666666666
0 0.28515625 0.4791666666666667 0.040625 0.035416666666666666
0 0.17109375 0.36875 0.0375 0.035416666666666666
0 0.1734375 0.434375 0.040625 0.035416666666666666
0 0.16796875 0.49166666666666664 0.0375 0.03333333333333333
0 0.71171875 0.315625 0.040625 0.041666666666666664
0 0.56796875 0.3875 0.0375 0.0375
0 0.153125 0.19791666666666666 0.0375 0.0375
0 0.29375 0.008333333333333333 0.0375 0.016666666666666666
0 0.16640625 0.14791666666666667 0.0375 0.035416666666666666
0 0.71640625 0.43854166666666666 0.04375 0.03958333333333333
0 0.72421875 0.49895833333333334 0.04375 0.03958333333333333
0 0.5828125 0.44479166666666664 0.0375 0.035416666666666666
0 0.71640625 0.37395833333333334 0.040625 0.03958333333333333
0 0.47578125 0.7166666666666667 0.040625 0.041666666666666664
0 0.31015625 0.11875 0.0375 0.0375
0 0.39296875 0.39791666666666664 0.0375 0.03333333333333333
0 0.51171875 0.459375 0.0375 0.035416666666666666
0 0.39375 0.0625 0.0375 0.0375
0 0.5828125 0.07708333333333334 0.040625 0.041666666666666664
0 0.359375 0.12604166666666666 0.0375 0.03958333333333333