0 0.51328125 0.26875 0.034375 0.0375
0 0.72109375 0.5145833333333333 0.034375 0.03333333333333333
0 0.51171875 0.3416666666666667 0.034375 0.0375
0 0.71640625 0.578125 0.0375 0.03333333333333333
0 0.64765625 0.5052083333333334 0.03125 0.03125
0 0.5828125 0.425 0.03125 0.03333333333333333
0 0.64375 0.24791666666666667 0.034375 0.035416666666666666
0 0.76796875 0.4041666666666667 0.034375 0.03333333333333333
0 0.39296875 0.45 0.034375 0.03333333333333333
0 0.45625 0.5291666666666667 0.03125 0.03333333333333333
0 0.60234375 0.20416666666666666 0.034375 0.0375
0 0.5171875 0.6916666666666667 0.03125 0.03333333333333333
0 0.3609375 0.675 0.034375 0.03333333333333333
0 0.73671875 0.3645833333333333 0.034375 0.03333333333333333
0 0.56796875 0.16041666666666668 0.034375 0.0375
0 0.52265625 0.6114583333333333 0.034375 0.03125
0 0.80390625 0.45208333333333334 0.0375 0.03333333333333333
0 0.39921875 0.7166666666666667 0.034375 0.035416666666666666
0 0.22265625 0.5020833333333333 0.0375 0.03333333333333333
0 0.70078125 0.3229166666666667 0.034375 0.0375
0 0.32421875 0.6291666666666667 0.034375 0.03333333333333333
0 0.67265625 0.2875 0.034375 0.035416666666666666
0 0.44921875 0.25833333333333336 0.03125 0.0375
0 0.8359375 0.4875 0.0375 0.03333333333333333
0 0.30625 0.44166666666666665 0.034375 0.03333333333333333
0 0.25859375 0.540625 0.0375 0.03333333333333333
0 0.4375 0.7625 0.034375 0.03333333333333333
0 0.58828125 0.7 0.034375 0.03333333333333333
0 0.29296875 0.5875 0.034375 0.03333333333333333
0 0.46953125 0.8020833333333334 0.034375 0.035416666666666666
0 0.31484375 0.36770833333333336 0.034375 0.035416666666666666
0 0.18828125 0.45625 0.0375 0.03333333333333333