0 0.85625 0.7291666666666666 0.8671875 0.74375 0.8671875 0.7604166666666666 0.8625 0.7708333333333334 0.8578125 0.775 0.853125 0.775 0.840625 0.7541666666666667 0.840625 0.7416666666666667 0.8453125 0.73125 0.8515625 0.7270833333333333 0.8546875 0.7291666666666666
0 0.75625 0.5104166666666666 0.7625 0.5145833333333333 0.76875 0.5270833333333333 0.7671875 0.5458333333333333 0.7578125 0.5583333333333333 0.75 0.55625 0.7421875 0.5458333333333333 0.740625 0.5395833333333333 0.740625 0.525 0.74375 0.5166666666666667 0.75 0.5104166666666666 0.7546875 0.5104166666666666
0 0.76875 0.6708333333333333 0.7734375 0.66875 0.7796875 0.6729166666666667 0.7875 0.6833333333333333 0.7890625 0.6895833333333333 0.7875 0.70625 0.7765625 0.7166666666666667 0.7703125 0.7145833333333333 0.765625 0.7083333333333334 0.7609375 0.6958333333333333 0.7625 0.6895833333333333 0.765625 0.6875 0.76875 0.6729166666666667
0 0.73125 0.8895833333333333 0.7390625 0.8895833333333333 0.74375 0.89375 0.75 0.9104166666666667 0.75 0.9208333333333333 0.746875 0.9291666666666667 0.7375 0.9354166666666667 0.7328125 0.9333333333333333 0.7296875 0.9291666666666667 0.725 0.9125 0.725 0.9020833333333333 0.728125 0.89375 0.73125 0.8916666666666667
0 0.809375 0.59375 0.8203125 0.6083333333333333 0.8203125 0.6208333333333333 0.8171875 0.6291666666666667 0.809375 0.6375 0.803125 0.6375 0.7921875 0.6208333333333333 0.79375 0.6 0.8015625 0.5916666666666667 0.8078125 0.59375
0 0.3171875 0.5395833333333333 0.325 0.5479166666666667 0.3265625 0.5666666666666667 0.321875 0.58125 0.3140625 0.5895833333333333 0.30625 0.5895833333333333 0.2984375 0.58125 0.296875 0.55625 0.3 0.5479166666666667 0.3109375 0.5395833333333333 0.315625 0.5395833333333333
0 0.8078125 0.33958333333333335 0.8140625 0.35208333333333336 0.8140625 0.3645833333333333 0.809375 0.37916666666666665 0.803125 0.3854166666666667 0.7921875 0.38333333333333336 0.784375 0.375 0.784375 0.35208333333333336 0.7921875 0.33958333333333335 0.80625 0.33958333333333335
0 0.52265625 0.8885416666666667 0.025 0.05
0 0.75625 0.6479166666666667 0.7640625 0.65625 0.7671875 0.66875 0.7625 0.6875 0.75625 0.69375 0.7484375 0.6916666666666667 0.740625 0.6770833333333334 0.740625 0.6583333333333333 0.7421875 0.6541666666666667 0.746875 0.6479166666666667 0.7546875 0.6479166666666667
0 0.490625 0.7229166666666667 0.4984375 0.7333333333333333 0.5 0.7583333333333333 0.4953125 0.7708333333333334 0.4875 0.775 0.4796875 0.7708333333333334 0.4765625 0.7625 0.475 0.74375 0.478125 0.73125 0.4890625 0.7229166666666667
0 0.7140625 0.8145833333333333 0.7234375 0.8145833333333333 0.73125 0.825 0.734375 0.8354166666666667 0.734375 0.84375 0.73125 0.8541666666666666 0.7265625 0.8583333333333333 0.715625 0.8583333333333333 0.7109375 0.85 0.7078125 0.8354166666666667 0.709375 0.8229166666666666 0.7140625 0.8166666666666667
0 0.765625 0.7229166666666667 0.771875 0.7354166666666667 0.771875 0.7458333333333333 0.76875 0.75625 0.7640625 0.7625 0.7546875 0.7625 0.7453125 0.7458333333333333 0.7453125 0.7270833333333333 0.7515625 0.71875 0.7578125 0.7166666666666667 0.7625 0.71875 0.7640625 0.7229166666666667
0 0.7046875 0.9083333333333333 0.7125 0.9270833333333334 0.7125 0.9375 0.7078125 0.95 0.703125 0.9520833333333333 0.69375 0.95 0.6890625 0.9395833333333333 0.6875 0.9291666666666667 0.6890625 0.9145833333333333 0.696875 0.90625 0.703125 0.9083333333333333
0 0.6796875 0.98125 0.684375 0.9875 0.6875 0.9979166666666667 0.665625 0.9979166666666667 0.6671875 0.9895833333333334 0.6734375 0.98125 0.678125 0.98125
0 0.584375 0.14375 0.590625 0.14791666666666667 0.5953125 0.15625 0.596875 0.17916666666666667 0.5921875 0.19166666666666668 0.5828125 0.2 0.5765625 0.19791666666666666 0.5703125 0.18958333333333333 0.5671875 0.175 0.5703125 0.15625 0.575 0.14791666666666667 0.5828125 0.14375
0 0.53125 0.22083333333333333 0.540625 0.23333333333333334 0.540625 0.25 0.534375 0.26666666666666666 0.528125 0.2708333333333333 0.5171875 0.2625 0.5140625 0.25416666666666665 0.5140625 0.23333333333333334 0.515625 0.22708333333333333 0.5234375 0.21875 0.5296875 0.22083333333333333
0 0.528125 0.9875 0.5296875 0.9854166666666667 0.53125 0.9645833333333333 0.534375 0.9604166666666667 0.5453125 0.9604166666666667 0.5484375 0.9645833333333333 0.5515625 0.9770833333333333 0.5515625 0.9979166666666667 0.5296875 0.9979166666666667 0.5296875 0.9895833333333334
0 0.45 0.56875 0.4546875 0.5645833333333333 0.4625 0.5645833333333333 0.4671875 0.56875 0.4703125 0.58125 0.46875 0.6041666666666666 0.4625 0.6125 0.453125 0.6125 0.446875 0.6041666666666666 0.4453125 0.5958333333333333 0.4453125 0.58125 0.45 0.5708333333333333
0 0.4828125 0.8416666666666667 0.478125 0.8333333333333334 0.4765625 0.8145833333333333 0.4796875 0.8020833333333334 0.4859375 0.79375 0.49375 0.79375 0.4984375 0.8 0.5015625 0.8145833333333333 0.5015625 0.8291666666666667 0.4953125 0.8416666666666667 0.4875 0.84375 0.484375 0.8416666666666667
0 0.48125 0.8666666666666667 0.4859375 0.86875 0.490625 0.875 0.4921875 0.88125 0.4921875 0.9041666666666667 0.4890625 0.9125 0.484375 0.9166666666666666 0.4765625 0.9166666666666666 0.471875 0.9125 0.46875 0.9041666666666667 0.4703125 0.8770833333333333 0.475 0.86875 0.4796875 0.86875