0 0.81015625 0.47604166666666664 0.04375 0.03958333333333333
0 0.74609375 0.42083333333333334 0.04375 0.0375
0 0.80546875 0.415625 0.04375 0.03958333333333333
0 0.6796875 0.6760416666666667 0.040625 0.03958333333333333
0 0.61484375 0.6791666666666667 0.040625 0.0375
0 0.48984375 0.60625 0.034375 0.03333333333333333
0 0.61796875 0.15208333333333332 0.040625 0.041666666666666664
0 0.6140625 0.5458333333333333 0.0375 0.03333333333333333
0 0.7515625 0.221875 0.04375 0.041666666666666664
0 0.34765625 0.48541666666666666 0.040625 0.0375
0 0.28125 0.48125 0.040625 0.0375
0 0.28515625 0.41875 0.040625 0.0375
0 0.42578125 0.6791666666666667 0.0375 0.041666666666666664
0 0.67578125 0.42083333333333334 0.040625 0.0375
0 0.49140625 0.5583333333333333 0.0375 0.03333333333333333
0 0.48359375 0.15625 0.040625 0.04583333333333333