0 0.3390625 0.9166666666666666 0.025 0.04583333333333333
0 0.5125 0.8947916666666667 0.025 0.04583333333333333
0 0.1921875 0.7395833333333334 0.0265625 0.04583333333333333
0 0.4125 0.36354166666666665 0.03125 0.05
0 0.546875 0.7479166666666667 0.028125 0.05
0 0.3625 0.9822916666666667 0.025 0.035416666666666666
0 0.2828125 0.5302083333333333 0.028125 0.04791666666666667
0 0.5453125 0.8177083333333334 0.025 0.05
0 0.5046875 0.23645833333333333 0.028125 0.05416666666666667
0 0.6375 0.7364583333333333 0.03125 0.05416666666666667
0 0.3046875 0.8958333333333334 0.025 0.04583333333333333
0 0.44765625 0.16666666666666666 0.03125 0.058333333333333334
0 0.31875 0.8260416666666667 0.025 0.04583333333333333
0 0.2859375 0.6635416666666667 0.025 0.04583333333333333
0 0.28125 0.7322916666666667 0.0265625 0.04583333333333333
0 0.26484375 0.684375 0.0265625 0.04583333333333333
0 0.2359375 0.6083333333333333 0.028125 0.04583333333333333
0 0.4953125 0.975 0.0265625 0.05
0 0.2375 0.36354166666666665 0.03125 0.05
0 0.5765625 0.5875 0.028125 0.05