0 0.634375 0.5583333333333333 0.03203125 0.05520833333333333
0 0.5 0.036458333333333336 0.02890625 0.058333333333333334
0 0.125 0.3572916666666667 0.03125 0.053125
0 0.33125 0.79375 0.0328125 0.059375
0 0.6453125 0.36666666666666664 0.0328125 0.05520833333333333
0 0.4484375 0.19375 0.02890625 0.05416666666666667
0 0.3640625 0.035416666666666666 0.02890625 0.057291666666666664
0 0.1671875 0.234375 0.03046875 0.05416666666666667
0 0.1734375 0.303125 0.03125 0.053125
0 0.246875 0.5 0.0328125 0.05520833333333333
0 0.4609375 0.03333333333333333 0.028125 0.05520833333333333
0 0.41484375 0.03854166666666667 0.028125 0.058333333333333334
0 0.4265625 0.6135416666666667 0.0296875 0.051041666666666666
0 0.3015625 0.346875 0.03125 0.05416666666666667
0 0.36875 0.8010416666666667 0.03125 0.059375
0 0.34140625 0.434375 0.0296875 0.053125
0 0.4453125 0.27708333333333335 0.02734375 0.051041666666666666
0 0.2265625 0.016666666666666666 0.0296875 0.03333333333333333
0 0.46875 0.8114583333333333 0.03046875 0.058333333333333334
0 0.1875 0.029166666666666667 0.0296875 0.053125
0 0.4234375 0.8020833333333334 0.03125 0.057291666666666664
0 0.26953125 0.18541666666666667 0.0296875 0.05416666666666667