0 0.71953125 0.078125 0.0265625 0.05
0 0.6015625 0.8447916666666667 0.03125 0.05416666666666667
0 0.5421875 0.12604166666666666 0.0265625 0.05
0 0.5 0.12395833333333334 0.025 0.05
0 0.5078125 0.196875 0.025 0.05
0 0.50703125 0.26666666666666666 0.0265625 0.05
0 0.88046875 0.25104166666666666 0.0296875 0.05
0 0.7421875 0.16770833333333332 0.028125 0.05
0 0.5484375 0.7395833333333334 0.028125 0.05416666666666667
0 0.69609375 0.013541666666666667 0.0265625 0.027083333333333334
0 0.7859375 0.28020833333333334 0.028125 0.05416666666666667
0 0.7578125 0.09270833333333334 0.025 0.04583333333333333
0 0.33359375 0.453125 0.03125 0.05
0 0.78046875 0.47604166666666664 0.0296875 0.05416666666666667
0 0.5578125 0.03229166666666667 0.025 0.05
0 0.4796875 0.4239583333333333 0.028125 0.05
0 0.82734375 0.6510416666666666 0.03125 0.05416666666666667
0 0.83125 0.39166666666666666 0.03125 0.05
0 0.78125 0.3458333333333333 0.03125 0.05
0 0.5078125 0.8479166666666667 0.028125 0.05416666666666667
0 0.490625 0.009375 0.021875 0.016666666666666666
0 0.43828125 0.009375 0.0234375 0.016666666666666666