0 0.44375 0.06458333333333334 0.025 0.05
0 0.4875 0.06145833333333333 0.025 0.05
0 0.3953125 0.06041666666666667 0.0265625 0.05
0 0.525 0.06666666666666667 0.025 0.05416666666666667
0 0.3578125 0.5802083333333333 0.0296875 0.05
0 0.475 0.20729166666666668 0.025 0.05
0 0.29375 0.7552083333333334 0.03125 0.058333333333333334
0 0.10625 0.20729166666666668 0.03125 0.05
0 0.39375 0.7791666666666667 0.0296875 0.05416666666666667
0 0.35546875 0.7729166666666667 0.0296875 0.05416666666666667
0 0.2640625 0.026041666666666668 0.028125 0.05
0 0.44765625 0.7822916666666667 0.0296875 0.05416666666666667
0 0.4921875 0.7895833333333333 0.028125 0.05416666666666667
0 0.2859375 0.3302083333333333 0.028125 0.05
0 0.65078125 0.46770833333333334 0.0296875 0.05
0 0.546875 0.8041666666666667 0.03125 0.05416666666666667
0 0.46875 0.5020833333333333 0.028125 0.05
0 0.225 0.042708333333333334 0.028125 0.05
0 0.2015625 0.23229166666666667 0.028125 0.05
0 0.15625 0.34791666666666665 0.03125 0.05
0 0.20625 0.29791666666666666 0.03125 0.05