0 0.52890625 0.07083333333333333 0.03125 0.06145833333333333
0 0.38046875 0.07604166666666666 0.03125 0.059375
0 0.2828125 0.33541666666666664 0.03203125 0.057291666666666664
0 0.63828125 0.234375 0.0328125 0.059375
0 0.3796875 0.23541666666666666 0.03046875 0.059375
0 0.48125 0.07604166666666666 0.03046875 0.06145833333333333
0 0.3734375 0.4166666666666667 0.03046875 0.05520833333333333
0 0.4796875 0.33541666666666664 0.02890625 0.057291666666666664
0 0.5875 0.057291666666666664 0.03203125 0.06354166666666666
0 0.475 0.24166666666666667 0.03046875 0.05520833333333333
0 0.43125 0.07604166666666666 0.03125 0.059375
0 0.3421875 0.06354166666666666 0.03046875 0.059375
0 0.33203125 0.24895833333333334 0.0328125 0.059375
0 0.69375 0.31145833333333334 0.03671875 0.0625
0 0.58671875 0.6197916666666666 0.0328125 0.058333333333333334
0 0.2640625 0.5989583333333334 0.03359375 0.057291666666666664
0 0.4125 0.9135416666666667 0.03203125 0.06770833333333333
0 0.3703125 0.6052083333333333 0.0296875 0.05520833333333333
0 0.3703125 0.9104166666666667 0.03359375 0.06770833333333333
0 0.3140625 0.9020833333333333 0.03203125 0.0625
0 0.4703125 0.7052083333333333 0.02890625 0.053125
0 0.3078125 0.7979166666666667 0.03203125 0.057291666666666664
0 0.5203125 0.9177083333333333 0.03203125 0.06666666666666667
0 0.46875 0.9114583333333334 0.03203125 0.065625
0 0.5859375 0.9208333333333333 0.03515625 0.06666666666666667
0 0.70625 0.9229166666666667 0.03828125 0.06770833333333333
0 0.475 0.5104166666666666 0.0296875 0.051041666666666666
0 0.5875 0.41354166666666664 0.03125 0.057291666666666664
0 0.6921875 0.6270833333333333 0.03828125 0.0625
0 0.65625 0.9197916666666667 0.0375 0.06979166666666667