0 0.375 0.11458333333333333 0.03125 0.058333333333333334
0 0.278125 0.11979166666666667 0.034375 0.0625
0 0.475 0.11145833333333334 0.0296875 0.058333333333333334
0 0.51875 0.10833333333333334 0.028125 0.058333333333333334
0 0.4828125 0.890625 0.028125 0.05416666666666667
0 0.43203125 0.8916666666666667 0.0296875 0.05416666666666667
0 0.56953125 0.115625 0.0296875 0.058333333333333334
0 0.6765625 0.37604166666666666 0.03125 0.05416666666666667
0 0.3890625 0.8927083333333333 0.0296875 0.05416666666666667
0 0.6765625 0.09583333333333334 0.0328125 0.0625
0 0.5265625 0.8947916666666667 0.028125 0.05416666666666667
0 0.6234375 0.10520833333333333 0.03125 0.0625
0 0.3828125 0.640625 0.0296875 0.05
0 0.290625 0.6427083333333333 0.03125 0.05416666666666667
0 0.58046875 0.8979166666666667 0.028125 0.05416666666666667
0 0.575 0.6385416666666667 0.0265625 0.05
0 0.66875 0.903125 0.03125 0.05416666666666667
0 0.340625 0.8916666666666667 0.03125 0.05416666666666667
0 0.38125 0.384375 0.028125 0.05416666666666667
0 0.47890625 0.3854166666666667 0.028125 0.05
0 0.3296875 0.29375 0.03125 0.05416666666666667
0 0.28359375 0.38645833333333335 0.034375 0.05416666666666667
0 0.3796875 0.2947916666666667 0.03125 0.05416666666666667
0 0.4796875 0.6416666666666667 0.028125 0.05
0 0.575 0.3802083333333333 0.025 0.05
0 0.6234375 0.2864583333333333 0.028125 0.05416666666666667
0 0.296875 0.8864583333333333 0.03125 0.058333333333333334
0 0.4828125 0.7291666666666666 0.028125 0.05416666666666667
0 0.62734375 0.89375 0.0296875 0.058333333333333334
0 0.4265625 0.11354166666666667 0.03125 0.058333333333333334
0 0.67265625 0.6385416666666667 0.0296875 0.05416666666666667
0 0.62578125 0.7229166666666667 0.028125 0.05