0 0.66484375 0.715625 0.04375 0.04375
0 0.6234375 0.25 0.04375 0.041666666666666664
0 0.40078125 0.6333333333333333 0.040625 0.041666666666666664
0 0.81171875 0.3072916666666667 0.046875 0.041666666666666664
0 0.67890625 0.30833333333333335 0.04375 0.041666666666666664
0 0.38828125 0.7770833333333333 0.04375 0.04583333333333333
0 0.6109375 0.5104166666666666 0.04375 0.041666666666666664
0 0.6140625 0.3770833333333333 0.04375 0.041666666666666664
0 0.8125 0.38333333333333336 0.046875 0.041666666666666664
0 0.1890625 0.71875 0.05 0.04583333333333333
0 0.32109375 0.7104166666666667 0.046875 0.04583333333333333
0 0.19453125 0.6510416666666666 0.046875 0.04375
0 0.60390625 0.6479166666666667 0.04375 0.041666666666666664
0 0.81171875 0.4479166666666667 0.046875 0.041666666666666664
0 0.18671875 0.7895833333333333 0.046875 0.04791666666666667
0 0.40234375 0.5072916666666667 0.040625 0.03958333333333333
0 0.8125 0.575 0.046875 0.041666666666666664
0 0.81484375 0.24166666666666667 0.046875 0.041666666666666664
0 0.19453125 0.28958333333333336 0.046875 0.04583333333333333
0 0.403125 0.371875 0.040625 0.041666666666666664
0 0.18984375 0.5760416666666667 0.046875 0.04375
0 0.80703125 0.7083333333333334 0.046875 0.041666666666666664
0 0.3984375 0.22708333333333333 0.04375 0.04583333333333333
0 0.18984375 0.4354166666666667 0.046875 0.041666666666666664
0 0.60703125 0.7770833333333333 0.04375 0.04791666666666667
0 0.80390625 0.7770833333333333 0.046875 0.04583333333333333
0 0.18984375 0.5104166666666666 0.046875 0.041666666666666664
0 0.19609375 0.22291666666666668 0.046875 0.04583333333333333
0 0.80625 0.6395833333333333 0.046875 0.041666666666666664
0 0.33203125 0.2947916666666667 0.04375 0.04375
0 0.19296875 0.365625 0.046875 0.04375
0 0.81171875 0.5166666666666667 0.046875 0.041666666666666664