0 0.57421875 0.90625 0.040625 0.04375
0 0.2796875 0.9854166666666667 0.0375 0.029166666666666667
0 0.15234375 0.43645833333333334 0.040625 0.0375
0 0.27109375 0.49895833333333334 0.040625 0.0375
0 0.29609375 0.8666666666666667 0.0375 0.0375
0 0.15625 0.5447916666666667 0.040625 0.035416666666666666
0 0.55703125 0.65625 0.0375 0.03958333333333333
0 0.3828125 0.4479166666666667 0.040625 0.0375
0 0.46484375 0.25416666666666665 0.040625 0.04583333333333333
0 0.13984375 0.7875 0.028125 0.0375
0 0.1546875 0.6125 0.040625 0.0375
0 0.72890625 0.39791666666666664 0.04375 0.041666666666666664
0 0.34453125 0.859375 0.0375 0.03958333333333333
0 0.70390625 0.6625 0.040625 0.041666666666666664
0 0.15078125 0.4864583333333333 0.040625 0.035416666666666666
0 0.7171875 0.475 0.04375 0.041666666666666664
0 0.38203125 0.9229166666666667 0.0375 0.041666666666666664
0 0.15078125 0.8395833333333333 0.0375 0.0375
0 0.50234375 0.515625 0.0375 0.0375
0 0.70859375 0.6020833333333333 0.040625 0.03958333333333333
0 0.71015625 0.5364583333333334 0.040625 0.03958333333333333