0 0.6859375 0.052083333333333336 0.69375 0.0625 0.6953125 0.08125 0.6875 0.10208333333333333 0.6796875 0.10833333333333334 0.66875 0.10208333333333333 0.665625 0.0875 0.6671875 0.08541666666666667 0.6671875 0.07083333333333333 0.6703125 0.06041666666666667 0.68125 0.05 0.684375 0.052083333333333336
0 0.3796875 0.675 0.384375 0.6854166666666667 0.384375 0.7020833333333333 0.38125 0.7104166666666667 0.3734375 0.71875 0.365625 0.71875 0.359375 0.7104166666666667 0.3578125 0.6916666666666667 0.359375 0.6833333333333333 0.3640625 0.675 0.36875 0.6729166666666667 0.3765625 0.6729166666666667 0.378125 0.675
0 0.6453125 0.06666666666666667 0.65 0.07916666666666666 0.65 0.08958333333333333 0.6453125 0.10625 0.6359375 0.11875 0.6296875 0.11875 0.625 0.1125 0.621875 0.10208333333333333 0.621875 0.08541666666666667 0.625 0.07083333333333333 0.6328125 0.0625 0.640625 0.0625 0.64375 0.06666666666666667
0 0.503125 0.3333333333333333 0.5078125 0.3375 0.5125 0.34791666666666665 0.5109375 0.3729166666666667 0.503125 0.38333333333333336 0.496875 0.38333333333333336 0.490625 0.3770833333333333 0.4875 0.36041666666666666 0.4875 0.35 0.490625 0.3416666666666667 0.496875 0.3333333333333333 0.5015625 0.3333333333333333
0 0.721875 0.8229166666666666 0.728125 0.8291666666666667 0.734375 0.8416666666666667 0.734375 0.8645833333333334 0.73125 0.8729166666666667 0.7265625 0.8770833333333333 0.7171875 0.8770833333333333 0.7125 0.8729166666666667 0.7046875 0.85625 0.7046875 0.8458333333333333 0.703125 0.84375 0.7046875 0.8333333333333334 0.7109375 0.8229166666666666 0.7140625 0.8208333333333333 0.7203125 0.8229166666666666
0 0.6515625 0.225 0.65625 0.23958333333333334 0.65625 0.2520833333333333 0.6515625 0.26458333333333334 0.6453125 0.27291666666666664 0.640625 0.275 0.634375 0.27291666666666664 0.628125 0.2625 0.6265625 0.2520833333333333 0.628125 0.2375 0.63125 0.22916666666666666 0.6390625 0.22083333333333333 0.646875 0.22083333333333333 0.65 0.225
0 0.6921875 0.575 0.696875 0.5729166666666666 0.70625 0.575 0.715625 0.5916666666666667 0.715625 0.6041666666666666 0.7125 0.6145833333333334 0.70625 0.6229166666666667 0.6953125 0.6229166666666667 0.6875 0.6145833333333334 0.684375 0.60625 0.6859375 0.5854166666666667 0.6921875 0.5770833333333333
0 0.321875 0.35625 0.328125 0.35833333333333334 0.3375 0.3729166666666667 0.3375 0.39166666666666666 0.3359375 0.3958333333333333 0.33125 0.40208333333333335 0.325 0.4041666666666667 0.3140625 0.3958333333333333 0.3109375 0.3854166666666667 0.3109375 0.36875 0.3171875 0.35833333333333334 0.3203125 0.35833333333333334
0 0.4171875 0.5875 0.4234375 0.5916666666666667 0.428125 0.6020833333333333 0.428125 0.61875 0.425 0.6270833333333333 0.415625 0.6354166666666666 0.4078125 0.63125 0.403125 0.6229166666666667 0.4015625 0.6125 0.40625 0.5958333333333333 0.415625 0.5875
0 0.59296875 0.428125 0.0296875 0.051041666666666666
0 0.359375 0.10416666666666667 0.365625 0.1125 0.3703125 0.13333333333333333 0.3671875 0.14791666666666667 0.359375 0.15625 0.3515625 0.15208333333333332 0.3421875 0.13541666666666666 0.34375 0.1125 0.35 0.10416666666666667 0.3578125 0.10416666666666667
0 0.3546875 0.275 0.359375 0.2708333333333333 0.3671875 0.2708333333333333 0.3765625 0.28541666666666665 0.378125 0.29375 0.378125 0.30416666666666664 0.3734375 0.31875 0.3703125 0.32083333333333336 0.359375 0.31875 0.3515625 0.30625 0.3515625 0.29583333333333334 0.35 0.29375 0.3515625 0.2833333333333333 0.3546875 0.27708333333333335
0 0.428125 0.84375 0.434375 0.8458333333333333 0.4390625 0.8520833333333333 0.440625 0.8583333333333333 0.440625 0.8770833333333333 0.4359375 0.89375 0.43125 0.8979166666666667 0.421875 0.8979166666666667 0.415625 0.8895833333333333 0.4140625 0.88125 0.415625 0.8583333333333333 0.4234375 0.8458333333333333 0.4265625 0.8458333333333333
0 0.5046875 0.5708333333333333 0.5125 0.5791666666666667 0.515625 0.5895833333333333 0.5140625 0.6083333333333333 0.5078125 0.61875 0.5015625 0.61875 0.4921875 0.6104166666666667 0.490625 0.60625 0.490625 0.5854166666666667 0.4953125 0.575 0.503125 0.5708333333333333
0 0.51875 0.8375 0.5265625 0.8541666666666666 0.5265625 0.875 0.525 0.8833333333333333 0.5171875 0.8916666666666667 0.50625 0.8895833333333333 0.5015625 0.8791666666666667 0.5015625 0.86875 0.5 0.8666666666666667 0.5015625 0.8520833333333333 0.5046875 0.84375 0.509375 0.8375 0.5171875 0.8375
0 0.565625 0.8416666666666667 0.5703125 0.8541666666666666 0.571875 0.8729166666666667 0.56875 0.8854166666666666 0.5609375 0.8916666666666667 0.5515625 0.8895833333333333 0.5484375 0.8854166666666666 0.5453125 0.8770833333333333 0.54375 0.8625 0.5453125 0.8520833333333333 0.553125 0.8375 0.5609375 0.8375 0.5640625 0.8416666666666667
0 0.45 0.09791666666666667 0.45625 0.10416666666666667 0.459375 0.11666666666666667 0.459375 0.13541666666666666 0.4578125 0.14166666666666666 0.446875 0.15208333333333332 0.440625 0.14791666666666667 0.4375 0.14166666666666666 0.4328125 0.12708333333333333 0.4328125 0.11875 0.4359375 0.10416666666666667 0.4453125 0.09583333333333334 0.4484375 0.09791666666666667
0 0.4203125 0.35 0.4296875 0.36666666666666664 0.4296875 0.3770833333333333 0.425 0.39375 0.41875 0.39791666666666664 0.4140625 0.39791666666666664 0.409375 0.39375 0.403125 0.3770833333333333 0.403125 0.3625 0.40625 0.3541666666666667 0.4109375 0.35 0.41875 0.35
0 0.678125 0.825 0.6875 0.8375 0.690625 0.8541666666666666 0.6890625 0.8708333333333333 0.68125 0.88125 0.671875 0.88125 0.6671875 0.8770833333333333 0.659375 0.85625 0.6609375 0.8333333333333334 0.66875 0.825 0.6765625 0.825
0 0.5859375 0.07291666666666667 0.590625 0.075 0.596875 0.0875 0.5953125 0.1125 0.5875 0.12708333333333333 0.5765625 0.12708333333333333 0.5703125 0.11458333333333333 0.571875 0.08541666666666667 0.575 0.07916666666666666 0.584375 0.07291666666666667
0 0.4 0.1 0.40625 0.10416666666666667 0.4125 0.12708333333333333 0.4109375 0.14375 0.40625 0.15208333333333332 0.3953125 0.15208333333333332 0.3859375 0.13333333333333333 0.3875 0.11041666666666666 0.390625 0.10416666666666667 0.3984375 0.1
0 0.46875 0.8458333333333333 0.475 0.85625 0.4765625 0.8729166666666667 0.4734375 0.8895833333333333 0.4671875 0.8979166666666667 0.4578125 0.8979166666666667 0.453125 0.89375 0.45 0.88125 0.4515625 0.85625 0.45625 0.8479166666666667 0.4671875 0.8458333333333333
0 0.3109375 0.6 0.315625 0.5958333333333333 0.3265625 0.5958333333333333 0.334375 0.6083333333333333 0.3328125 0.6291666666666667 0.325 0.6395833333333333 0.3140625 0.6395833333333333 0.30625 0.625 0.30625 0.6145833333333334 0.3109375 0.6020833333333333
0 0.7 0.28958333333333336 0.70625 0.29583333333333334 0.709375 0.3145833333333333 0.70625 0.32708333333333334 0.6953125 0.33958333333333335 0.6859375 0.33958333333333335 0.68125 0.33541666666666664 0.678125 0.32708333333333334 0.678125 0.3125 0.6828125 0.29791666666666666 0.6890625 0.28958333333333336 0.6921875 0.2875 0.6984375 0.28958333333333336
0 0.609375 0.56875 0.615625 0.575 0.61875 0.5833333333333334 0.61875 0.6020833333333333 0.615625 0.6104166666666667 0.6078125 0.6166666666666667 0.5984375 0.6145833333333334 0.590625 0.6020833333333333 0.5921875 0.5791666666666667 0.6015625 0.5666666666666667 0.6078125 0.56875
0 0.30625 0.11666666666666667 0.3109375 0.11458333333333333 0.31875 0.11666666666666667 0.325 0.125 0.328125 0.1375 0.3265625 0.15833333333333333 0.321875 0.16458333333333333 0.3171875 0.16666666666666666 0.3109375 0.16458333333333333 0.30625 0.16041666666666668 0.3015625 0.14791666666666667 0.3015625 0.12916666666666668 0.303125 0.12083333333333333 0.30625 0.11875
0 0.615625 0.8333333333333334 0.6234375 0.8416666666666667 0.6296875 0.8625 0.6265625 0.88125 0.61875 0.8895833333333333 0.6125 0.8895833333333333 0.6078125 0.8854166666666666 0.6015625 0.8729166666666667 0.6015625 0.8625 0.6 0.8604166666666667 0.603125 0.8416666666666667 0.609375 0.8333333333333334 0.6140625 0.8333333333333334
0 0.4984375 0.09166666666666666 0.503125 0.10208333333333333 0.5046875 0.11875 0.5 0.13541666666666666 0.4953125 0.14166666666666666 0.4890625 0.14166666666666666 0.4828125 0.13541666666666666 0.478125 0.11875 0.478125 0.10625 0.48125 0.09583333333333334 0.4890625 0.0875 0.49375 0.0875 0.496875 0.09166666666666666
0 0.65 0.6541666666666667 0.6546875 0.65 0.6625 0.65 0.6734375 0.6625 0.675 0.66875 0.675 0.6833333333333333 0.671875 0.69375 0.665625 0.7 0.65625 0.7 0.6453125 0.6854166666666667 0.6453125 0.6645833333333333 0.65 0.65625
0 0.5390625 0.08125 0.5453125 0.0875 0.5484375 0.09583333333333334 0.546875 0.12083333333333333 0.5390625 0.13541666666666666 0.528125 0.13333333333333333 0.525 0.12916666666666668 0.521875 0.1125 0.521875 0.1 0.525 0.08958333333333333 0.5296875 0.08333333333333333 0.5375 0.08125
0 0.3375 0.8458333333333333 0.346875 0.8583333333333333 0.346875 0.8770833333333333 0.340625 0.89375 0.334375 0.9 0.3234375 0.8979166666666667 0.31875 0.8854166666666666 0.31875 0.8708333333333333 0.325 0.8541666666666666 0.3359375 0.8458333333333333
0 0.36875 0.8895833333333333 0.3671875 0.8666666666666667 0.371875 0.8520833333333333 0.3796875 0.84375 0.3890625 0.8458333333333333 0.39375 0.8541666666666666 0.39375 0.8770833333333333 0.390625 0.8895833333333333 0.38125 0.8979166666666667 0.3765625 0.8979166666666667 0.3703125 0.8895833333333333