0 0.20390625 0.46458333333333335 0.04375 0.0375
0 0.20546875 0.6479166666666667 0.040625 0.03958333333333333
0 0.39765625 0.259375 0.040625 0.03958333333333333
0 0.20703125 0.5229166666666667 0.040625 0.0375
0 0.26484375 0.26458333333333334 0.04375 0.041666666666666664
0 0.39296875 0.778125 0.040625 0.041666666666666664
0 0.20546875 0.7083333333333334 0.040625 0.041666666666666664
0 0.2671875 0.5197916666666667 0.040625 0.0375
0 0.39765625 0.39895833333333336 0.0375 0.035416666666666666
0 0.32734375 0.5229166666666667 0.040625 0.0375
0 0.33046875 0.2635416666666667 0.04375 0.041666666666666664
0 0.5859375 0.7895833333333333 0.04375 0.04375
0 0.52265625 0.53125 0.0375 0.0375
0 0.71796875 0.6 0.04375 0.041666666666666664
0 0.78984375 0.6666666666666666 0.04375 0.041666666666666664
0 0.26328125 0.709375 0.040625 0.03958333333333333
0 0.79609375 0.40520833333333334 0.04375 0.03958333333333333
0 0.79609375 0.47291666666666665 0.04375 0.0375
0 0.59453125 0.26458333333333334 0.0375 0.03958333333333333
0 0.778125 0.7333333333333333 0.04375 0.041666666666666664
0 0.5265625 0.39791666666666664 0.0375 0.035416666666666666
0 0.79140625 0.5333333333333333 0.04375 0.041666666666666664
0 0.45859375 0.5260416666666666 0.0375 0.035416666666666666
0 0.78984375 0.5979166666666667 0.040625 0.0375
0 0.6609375 0.4 0.040625 0.0375
0 0.65546875 0.46770833333333334 0.040625 0.03958333333333333
0 0.72578125 0.33125 0.04375 0.0375