0 0.3484375 0.3697916666666667 0.03125 0.05416666666666667
0 0.86015625 0.35625 0.03125 0.05
0 0.5734375 0.053125 0.028125 0.05416666666666667
0 0.52890625 0.04583333333333333 0.0265625 0.05416666666666667
0 0.5421875 0.20208333333333334 0.028125 0.05416666666666667
0 0.6234375 0.046875 0.028125 0.05416666666666667
0 0.8171875 0.23854166666666668 0.0296875 0.05416666666666667
0 0.740625 0.49895833333333334 0.03125 0.05416666666666667
0 0.8109375 0.30520833333333336 0.03125 0.05416666666666667
0 0.565625 0.609375 0.028125 0.05
0 0.7015625 0.50625 0.03125 0.05
0 0.659375 0.7885416666666667 0.03125 0.058333333333333334
0 0.54375 0.2833333333333333 0.028125 0.05416666666666667
0 0.3609375 0.559375 0.03125 0.05416666666666667
0 0.6234375 0.7958333333333333 0.03125 0.05416666666666667
0 0.5234375 0.8052083333333333 0.028125 0.05416666666666667
0 0.75703125 0.022916666666666665 0.028125 0.04583333333333333
0 0.490625 0.04895833333333333 0.028125 0.05416666666666667
0 0.56953125 0.7989583333333333 0.0296875 0.05416666666666667
0 0.7296875 0.346875 0.03125 0.05
0 0.646875 0.4354166666666667 0.028125 0.05
0 0.7953125 0.03854166666666667 0.028125 0.05416666666666667