0 0.27421875 0.540625 0.03125 0.051041666666666666
0 0.3796875 0.3958333333333333 0.02734375 0.05
0 0.4765625 0.253125 0.0265625 0.04895833333333333
0 0.528125 0.10520833333333333 0.02734375 0.053125
0 0.3015625 0.3145833333333333 0.0296875 0.051041666666666666
0 0.490625 0.10104166666666667 0.02578125 0.053125
0 0.44765625 0.10520833333333333 0.0265625 0.053125
0 0.665625 0.428125 0.03046875 0.053125
0 0.3703125 0.5614583333333333 0.02890625 0.051041666666666666
0 0.2984375 0.8197916666666667 0.03203125 0.058333333333333334
0 0.4765625 0.33645833333333336 0.02578125 0.04895833333333333
0 0.39765625 0.09895833333333333 0.028125 0.051041666666666666
0 0.3578125 0.834375 0.02890625 0.057291666666666664
0 0.39375 0.8385416666666666 0.03046875 0.057291666666666664
0 0.49375 0.8541666666666666 0.02890625 0.05520833333333333
0 0.51328125 0.42604166666666665 0.0265625 0.05
0 0.4515625 0.6572916666666667 0.02734375 0.046875
0 0.4484375 0.8447916666666667 0.02890625 0.05520833333333333
0 0.5703125 0.34479166666666666 0.02734375 0.05
0 0.65546875 0.6135416666666667 0.03125 0.05416666666666667
0 0.225 0.08020833333333334 0.0296875 0.053125