0 0.58984375 0.340625 0.040625 0.035416666666666666
0 0.4796875 0.19895833333333332 0.0375 0.041666666666666664
0 0.65234375 0.23541666666666666 0.040625 0.03958333333333333
0 0.69921875 0.4739583333333333 0.0375 0.035416666666666666
0 0.25234375 0.3645833333333333 0.040625 0.041666666666666664
0 0.8109375 0.43333333333333335 0.040625 0.03333333333333333
0 0.81484375 0.49166666666666664 0.040625 0.03333333333333333
0 0.8109375 0.5416666666666666 0.040625 0.035416666666666666
0 0.56484375 0.7291666666666666 0.04375 0.041666666666666664
0 0.46328125 0.3302083333333333 0.0375 0.03958333333333333
0 0.56875 0.5239583333333333 0.040625 0.035416666666666666
0 0.25703125 0.31354166666666666 0.04375 0.03958333333333333
0 0.81640625 0.365625 0.040625 0.035416666666666666
0 0.26640625 0.22916666666666666 0.04375 0.04583333333333333
0 0.39140625 0.440625 0.0375 0.03958333333333333
0 0.25 0.434375 0.04375 0.03958333333333333
0 0.63671875 0.4708333333333333 0.0375 0.035416666666666666
0 0.42578125 0.7145833333333333 0.040625 0.04375
0 0.24140625 0.496875 0.040625 0.03958333333333333
0 0.83203125 0.13125 0.040625 0.0375