0 0.73125 0.6677083333333333 0.0265625 0.04583333333333333
0 0.803125 0.7208333333333333 0.028125 0.04583333333333333
0 0.75859375 0.35208333333333336 0.0296875 0.05
0 0.6578125 0.8885416666666667 0.025 0.04583333333333333
0 0.7140625 0.515625 0.028125 0.05
0 0.7140625 0.7114583333333333 0.028125 0.04583333333333333
0 0.45625 0.7239583333333334 0.025 0.05
0 0.678125 0.8020833333333334 0.025 0.04583333333333333
0 0.7109375 0.6458333333333334 0.025 0.04583333333333333
0 0.6921875 0.871875 0.025 0.04583333333333333
0 0.7609375 0.5927083333333333 0.0265625 0.04583333333333333
0 0.44765625 0.8614583333333333 0.0265625 0.05
0 0.55390625 0.15729166666666666 0.0296875 0.05416666666666667
0 0.6359375 0.9614583333333333 0.0234375 0.04583333333333333
0 0.45703125 0.7927083333333333 0.025 0.05
0 0.31875 0.6302083333333334 0.03125 0.05416666666666667
0 0.5046875 0.9458333333333333 0.025 0.04583333333333333
0 0.42734375 0.56875 0.028125 0.05
0 0.4390625 0.9822916666666667 0.025 0.03333333333333333
0 0.5078125 0.9895833333333334 0.021875 0.020833333333333332
0 0.478125 0.42083333333333334 0.028125 0.05
0 0.3875 0.984375 0.025 0.03125
0 0.49765625 0.228125 0.028125 0.05
0 0.565625 0.984375 0.0234375 0.029166666666666667