0 0.6515625 0.3697916666666667 0.03125 0.05416666666666667
0 0.13984375 0.35625 0.03125 0.05
0 0.4265625 0.053125 0.028125 0.05416666666666667
0 0.47109375 0.04583333333333333 0.0265625 0.05416666666666667
0 0.4578125 0.20208333333333334 0.028125 0.05416666666666667
0 0.3765625 0.046875 0.028125 0.05416666666666667
0 0.1828125 0.23854166666666668 0.0296875 0.05416666666666667
0 0.259375 0.49895833333333334 0.03125 0.05416666666666667
0 0.1890625 0.30520833333333336 0.03125 0.05416666666666667
0 0.434375 0.609375 0.028125 0.05
0 0.2984375 0.50625 0.03125 0.05
0 0.340625 0.7885416666666667 0.03125 0.058333333333333334
0 0.45625 0.2833333333333333 0.028125 0.05416666666666667
0 0.6390625 0.559375 0.03125 0.05416666666666667
0 0.3765625 0.7958333333333333 0.03125 0.05416666666666667
0 0.4765625 0.8052083333333333 0.028125 0.05416666666666667
0 0.24296875 0.022916666666666665 0.028125 0.04583333333333333
0 0.509375 0.04895833333333333 0.028125 0.05416666666666667
0 0.43046875 0.7989583333333333 0.0296875 0.05416666666666667
0 0.2703125 0.346875 0.03125 0.05
0 0.353125 0.4354166666666667 0.028125 0.05
0 0.2046875 0.03854166666666667 0.028125 0.05416666666666667