0 0.4140625 0.9072916666666667 0.025 0.05416666666666667
0 0.40625 0.17916666666666667 0.0296875 0.05416666666666667
0 0.14375 0.5697916666666667 0.03125 0.05
0 0.4640625 0.46979166666666666 0.028125 0.05
0 0.559375 0.18125 0.03125 0.058333333333333334
0 0.365625 0.9052083333333333 0.028125 0.05416666666666667
0 0.3625 0.4479166666666667 0.028125 0.05
0 0.18046875 0.6927083333333334 0.0296875 0.05416666666666667
0 0.5046875 0.184375 0.028125 0.05416666666666667
0 0.49375 0.921875 0.028125 0.05416666666666667
0 0.36875 0.178125 0.0296875 0.058333333333333334
0 0.4515625 0.7697916666666667 0.028125 0.05
0 0.45625 0.9208333333333333 0.025 0.05416666666666667
0 0.28125 0.753125 0.0296875 0.05
0 0.64375 0.5385416666666667 0.03125 0.05416666666666667
0 0.190625 0.628125 0.03125 0.05
0 0.45859375 0.18541666666666667 0.028125 0.05416666666666667
0 0.23046875 0.915625 0.028125 0.05
0 0.30625 0.18229166666666666 0.03125 0.058333333333333334
0 0.0828125 0.7010416666666667 0.03125 0.05
0 0.24765625 0.9864583333333333 0.0265625 0.027083333333333334
0 0.19296875 0.890625 0.028125 0.05