0 0.425 0.6791666666666667 0.040625 0.041666666666666664
0 0.67890625 0.6760416666666667 0.040625 0.03958333333333333
0 0.74609375 0.42083333333333334 0.04375 0.0375
0 0.615625 0.6791666666666667 0.040625 0.0375
0 0.22109375 0.5458333333333333 0.04375 0.041666666666666664
0 0.4171875 0.14583333333333334 0.04375 0.04583333333333333
0 0.81015625 0.47708333333333336 0.04375 0.03958333333333333
0 0.80546875 0.415625 0.04375 0.03958333333333333
0 0.490625 0.60625 0.034375 0.035416666666666666
0 0.61796875 0.15208333333333332 0.040625 0.04375
0 0.61484375 0.5447916666666667 0.0375 0.035416666666666666
0 0.34765625 0.4875 0.040625 0.0375
0 0.684375 0.4197916666666667 0.040625 0.0375
0 0.28515625 0.41875 0.040625 0.0375
0 0.21328125 0.2791666666666667 0.046875 0.04583333333333333
0 0.353125 0.4166666666666667 0.040625 0.03958333333333333
0 0.55703125 0.4125 0.040625 0.0375
0 0.7515625 0.22291666666666668 0.04375 0.041666666666666664
0 0.30078125 0.48333333333333334 0.040625 0.03958333333333333
0 0.81484375 0.2875 0.04375 0.041666666666666664
0 0.81328125 0.22395833333333334 0.04375 0.04375
0 0.4859375 0.5479166666666667 0.0375 0.03333333333333333