0 0.45 0.9447916666666667 0.025 0.05416666666666667
0 0.35703125 0.421875 0.0296875 0.05
0 0.49375 0.9489583333333333 0.025 0.05
0 0.5796875 0.9385416666666667 0.028125 0.05416666666666667
0 0.2921875 0.24583333333333332 0.03125 0.05416666666666667
0 0.4 0.9510416666666667 0.025 0.05416666666666667
0 0.390625 0.21979166666666666 0.03125 0.05416666666666667
0 0.53125 0.9427083333333334 0.0265625 0.05416666666666667
0 0.353125 0.22604166666666667 0.03125 0.058333333333333334
0 0.48984375 0.20208333333333334 0.028125 0.05416666666666667
0 0.4640625 0.48854166666666665 0.028125 0.05
0 0.1109375 0.803125 0.03125 0.05
0 0.26796875 0.9802083333333333 0.0265625 0.03958333333333333
0 0.65625 0.5270833333333333 0.03125 0.05416666666666667
0 0.5171875 0.6427083333333333 0.028125 0.05
0 0.44375 0.21354166666666666 0.03125 0.058333333333333334
0 0.54453125 0.18645833333333334 0.0296875 0.058333333333333334
0 0.2296875 0.9677083333333333 0.028125 0.05
0 0.20546875 0.7770833333333333 0.0296875 0.05416666666666667
0 0.2109375 0.709375 0.03125 0.05
0 0.159375 0.6635416666666667 0.03125 0.05