0 0.7890625 0.6666666666666666 0.04375 0.041666666666666664
0 0.79140625 0.5333333333333333 0.04375 0.03958333333333333
0 0.78515625 0.7947916666666667 0.046875 0.04583333333333333
0 0.65625 0.5322916666666667 0.040625 0.03958333333333333
0 0.20703125 0.5229166666666667 0.040625 0.0375
0 0.79375 0.475 0.04375 0.0375
0 0.20390625 0.6479166666666667 0.040625 0.03958333333333333
0 0.20625 0.590625 0.040625 0.03958333333333333
0 0.20390625 0.46458333333333335 0.04375 0.0375
0 0.58671875 0.5270833333333333 0.0375 0.0375
0 0.80390625 0.26458333333333334 0.046875 0.04375
0 0.79609375 0.33541666666666664 0.046875 0.041666666666666664
0 0.59296875 0.26458333333333334 0.040625 0.041666666666666664
0 0.19765625 0.275 0.040625 0.041666666666666664
0 0.2015625 0.39166666666666666 0.040625 0.0375
0 0.58671875 0.659375 0.040625 0.03958333333333333
0 0.58515625 0.7895833333333333 0.040625 0.04583333333333333
0 0.6546875 0.7270833333333333 0.040625 0.041666666666666664
0 0.39296875 0.7791666666666667 0.040625 0.041666666666666664
0 0.396875 0.4 0.0375 0.035416666666666666
0 0.65390625 0.6604166666666667 0.040625 0.041666666666666664
0 0.58984375 0.4 0.0375 0.0375
0 0.21015625 0.7708333333333334 0.04375 0.041666666666666664
0 0.78828125 0.4083333333333333 0.046875 0.041666666666666664
0 0.39375 0.5270833333333333 0.0375 0.0375
0 0.39453125 0.65625 0.0375 0.03958333333333333
0 0.20390625 0.3302083333333333 0.04375 0.03958333333333333
0 0.328125 0.5229166666666667 0.040625 0.0375
0 0.78984375 0.5979166666666667 0.04375 0.0375
0 0.32890625 0.6520833333333333 0.040625 0.03958333333333333
0 0.33203125 0.33229166666666665 0.040625 0.0375
0 0.3953125 0.26979166666666665 0.040625 0.041666666666666664