0 0.43671875 0.346875 0.034375 0.041666666666666664
0 0.60390625 0.415625 0.05625 0.05416666666666667
0 0.58203125 0.31666666666666665 0.053125 0.058333333333333334
0 0.71328125 0.14166666666666666 0.0625 0.07083333333333333
0 0.50234375 0.37916666666666665 0.040625 0.04583333333333333
0 0.38515625 0.325 0.028125 0.0375
0 0.3796875 0.25 0.03125 0.0375
0 0.490625 0.6635416666666667 0.04375 0.05
0 0.465625 0.13958333333333334 0.034375 0.04583333333333333
0 0.54296875 0.13541666666666666 0.04375 0.05416666666666667
0 0.6515625 0.14166666666666666 0.059375 0.06666666666666667
0 0.43515625 0.6833333333333333 0.040625 0.04583333333333333
0 0.43359375 0.14479166666666668 0.03125 0.041666666666666664
0 0.371875 0.5177083333333333 0.03125 0.035416666666666666
0 0.425 0.5833333333333334 0.034375 0.041666666666666664
0 0.38515625 0.14375 0.028125 0.0375
0 0.33046875 0.4791666666666667 0.028125 0.03333333333333333
0 0.29921875 0.5041666666666667 0.025 0.029166666666666667
0 0.34375 0.296875 0.028125 0.03333333333333333
0 0.29765625 0.45 0.025 0.029166666666666667
0 0.3390625 0.7197916666666667 0.028125 0.035416666666666666
0 0.3921875 0.8104166666666667 0.0375 0.04375
0 0.30390625 0.6541666666666667 0.025 0.029166666666666667
0 0.31796875 0.6822916666666666 0.028125 0.03333333333333333
0 0.36015625 0.7604166666666666 0.034375 0.041666666666666664
0 0.2609375 0.5760416666666667 0.021875 0.029166666666666667
0 0.41875 0.8645833333333334 0.040625 0.05
0 0.28828125 0.63125 0.025 0.029166666666666667
0 0.50078125 0.13854166666666667 0.0375 0.05
0 0.27265625 0.6 0.021875 0.029166666666666667
0 0.58984375 0.140625 0.05 0.058333333333333334