0 0.5140625 0.13020833333333334 0.02734375 0.05520833333333333
0 0.5171875 0.20520833333333333 0.02890625 0.05520833333333333
0 0.47890625 0.046875 0.028125 0.05416666666666667
0 0.43203125 0.8166666666666667 0.0296875 0.058333333333333334
0 0.2953125 0.027083333333333334 0.02890625 0.05416666666666667
0 0.46875 0.8208333333333333 0.03203125 0.06145833333333333
0 0.61015625 0.215625 0.0296875 0.05520833333333333
0 0.14453125 0.228125 0.0296875 0.05
0 0.2234375 0.28229166666666666 0.02734375 0.05
0 0.2390625 0.23020833333333332 0.028125 0.053125
0 0.275 0.12916666666666668 0.02890625 0.053125
0 0.25703125 0.04895833333333333 0.0265625 0.05416666666666667
0 0.53515625 0.6427083333333333 0.0296875 0.053125
0 0.54921875 0.378125 0.0296875 0.053125
0 0.246875 0.446875 0.0296875 0.05
0 0.2453125 0.30520833333333336 0.02890625 0.05
0 0.20625 0.6260416666666667 0.03125 0.053125
0 0.19453125 0.36666666666666664 0.0296875 0.05