0 0.48203125 0.08645833333333333 0.0296875 0.058333333333333334
0 0.4375 0.09270833333333334 0.03125 0.05416666666666667
0 0.634375 0.346875 0.028125 0.05416666666666667
0 0.63203125 0.26145833333333335 0.0296875 0.05416666666666667
0 0.534375 0.3489583333333333 0.025 0.05
0 0.440625 0.171875 0.028125 0.05416666666666667
0 0.2390625 0.34479166666666666 0.03125 0.05416666666666667
0 0.534375 0.8729166666666667 0.03125 0.058333333333333334
0 0.2921875 0.16458333333333333 0.03125 0.058333333333333334
0 0.44140625 0.26666666666666666 0.028125 0.05416666666666667
0 0.58046875 0.5135416666666667 0.0265625 0.04583333333333333
0 0.4859375 0.8760416666666667 0.03125 0.058333333333333334
0 0.4390625 0.7864583333333334 0.028125 0.058333333333333334
0 0.634375 0.6 0.028125 0.05
0 0.2421875 0.521875 0.034375 0.05416666666666667
0 0.48984375 0.7041666666666667 0.028125 0.05416666666666667