0 0.51796875 0.08645833333333333 0.0296875 0.058333333333333334
0 0.5625 0.09270833333333334 0.03125 0.05416666666666667
0 0.365625 0.346875 0.028125 0.05416666666666667
0 0.36796875 0.26145833333333335 0.0296875 0.05416666666666667
0 0.465625 0.3489583333333333 0.025 0.05
0 0.559375 0.171875 0.028125 0.05416666666666667
0 0.7609375 0.34479166666666666 0.03125 0.05416666666666667
0 0.465625 0.8729166666666667 0.03125 0.058333333333333334
0 0.7078125 0.16458333333333333 0.03125 0.058333333333333334
0 0.55859375 0.26666666666666666 0.028125 0.05416666666666667
0 0.41953125 0.5135416666666667 0.0265625 0.04583333333333333
0 0.5140625 0.8760416666666667 0.03125 0.058333333333333334
0 0.5609375 0.7864583333333334 0.028125 0.058333333333333334
0 0.365625 0.6 0.028125 0.05
0 0.7578125 0.521875 0.034375 0.05625
0 0.51015625 0.7041666666666667 0.028125 0.05416666666666667