0 0.1984375 0.725 0.2046875 0.7333333333333333 0.20625 0.7395833333333334 0.2046875 0.7479166666666667 0.1859375 0.7625 0.178125 0.7625 0.16875 0.7583333333333333 0.1625 0.74375 0.165625 0.7354166666666667 0.1734375 0.7270833333333333 0.1890625 0.725 0.190625 0.7229166666666667 0.196875 0.725
0 0.653125 0.3125 0.6578125 0.3145833333333333 0.6640625 0.3229166666666667 0.6640625 0.3333333333333333 0.6578125 0.34375 0.6515625 0.34791666666666665 0.634375 0.3458333333333333 0.6296875 0.3375 0.6296875 0.32708333333333334 0.634375 0.31666666666666665 0.64375 0.3125 0.6515625 0.3125
0 0.2015625 0.6645833333333333 0.209375 0.66875 0.2140625 0.675 0.2140625 0.6833333333333333 0.2046875 0.6958333333333333 0.1921875 0.7020833333333333 0.184375 0.7020833333333333 0.175 0.6958333333333333 0.171875 0.6895833333333333 0.171875 0.6791666666666667 0.18125 0.6666666666666666 0.2 0.6645833333333333
0 0.4015625 0.4875 0.4078125 0.4895833333333333 0.4109375 0.49375 0.4125 0.50625 0.4109375 0.5104166666666666 0.4 0.51875 0.3859375 0.51875 0.378125 0.5125 0.375 0.50625 0.375 0.4979166666666667 0.38125 0.4895833333333333 0.3875 0.48541666666666666 0.4 0.4875
0 0.7578125 0.7729166666666667 0.759375 0.775 0.7671875 0.775 0.7796875 0.7854166666666667 0.7828125 0.7916666666666666 0.7828125 0.8041666666666667 0.7796875 0.8104166666666667 0.7734375 0.8145833333333333 0.75625 0.8145833333333333 0.74375 0.8020833333333334 0.740625 0.79375 0.7421875 0.7833333333333333 0.75 0.775 0.75625 0.775
0 0.3140625 0.6708333333333333 0.325 0.675 0.33125 0.6854166666666667 0.3296875 0.6958333333333333 0.3234375 0.7041666666666667 0.3140625 0.7104166666666667 0.2984375 0.7083333333333334 0.290625 0.6979166666666666 0.290625 0.6875 0.296875 0.6770833333333334 0.3125 0.6708333333333333
0 0.5828125 0.75 0.5921875 0.7625 0.5921875 0.7770833333333333 0.5859375 0.7854166666666667 0.578125 0.7895833333333333 0.56875 0.7895833333333333 0.5625 0.7854166666666667 0.55625 0.7770833333333333 0.5546875 0.7645833333333333 0.55625 0.7583333333333333 0.5640625 0.75 0.56875 0.7479166666666667 0.5796875 0.7479166666666667 0.58125 0.75
0 0.4140625 0.25 0.421875 0.25416666666666665 0.428125 0.26666666666666666 0.4265625 0.27708333333333335 0.41875 0.28541666666666665 0.4046875 0.28541666666666665 0.4015625 0.2833333333333333 0.39375 0.27291666666666664 0.3921875 0.26458333333333334 0.39375 0.25833333333333336 0.4015625 0.25 0.4125 0.25
0 0.584375 0.37083333333333335 0.5921875 0.3729166666666667 0.5984375 0.37916666666666665 0.6015625 0.3875 0.5984375 0.39791666666666664 0.5890625 0.40625 0.5765625 0.40625 0.5703125 0.40208333333333335 0.565625 0.39166666666666666 0.565625 0.3875 0.571875 0.3770833333333333 0.5828125 0.37083333333333335
0 0.4546875 0.6083333333333333 0.4640625 0.61875 0.4640625 0.6291666666666667 0.4578125 0.6395833333333333 0.4515625 0.64375 0.4375 0.64375 0.434375 0.6416666666666667 0.428125 0.6333333333333333 0.428125 0.61875 0.434375 0.6104166666666667 0.44375 0.60625 0.453125 0.6083333333333333
0 0.2265625 0.2916666666666667 0.2328125 0.29583333333333334 0.2421875 0.3125 0.240625 0.31875 0.2359375 0.325 0.2265625 0.32916666666666666 0.209375 0.3229166666666667 0.203125 0.3145833333333333 0.203125 0.3020833333333333 0.209375 0.29375 0.225 0.2916666666666667
0 0.3546875 0.30416666666666664 0.3640625 0.3145833333333333 0.365625 0.32916666666666666 0.3640625 0.3333333333333333 0.353125 0.33958333333333335 0.3390625 0.3375 0.328125 0.325 0.328125 0.3145833333333333 0.33125 0.30833333333333335 0.34375 0.3020833333333333 0.353125 0.30416666666666664
0 0.7921875 0.38958333333333334 0.7984375 0.39791666666666664 0.7984375 0.41041666666666665 0.7953125 0.4166666666666667 0.7828125 0.42291666666666666 0.7640625 0.42083333333333334 0.759375 0.41458333333333336 0.7578125 0.40625 0.759375 0.4 0.76875 0.38958333333333334 0.775 0.3875 0.790625 0.38958333333333334
0 0.5796875 0.4895833333333333 0.5828125 0.49166666666666664 0.5890625 0.5041666666666667 0.5890625 0.5125 0.584375 0.51875 0.5765625 0.5229166666666667 0.5671875 0.5229166666666667 0.559375 0.51875 0.5546875 0.5125 0.553125 0.5041666666666667 0.55625 0.49583333333333335 0.5640625 0.4895833333333333 0.578125 0.4895833333333333
0 0.784375 0.5041666666666667 0.7921875 0.5104166666666666 0.79375 0.525 0.7875 0.5354166666666667 0.78125 0.5375 0.7609375 0.5354166666666667 0.753125 0.5270833333333333 0.753125 0.5145833333333333 0.7640625 0.5041666666666667 0.7703125 0.5020833333333333 0.7828125 0.5041666666666667
0 0.7828125 0.5625 0.7921875 0.5708333333333333 0.79375 0.5833333333333334 0.7890625 0.59375 0.7796875 0.5979166666666667 0.765625 0.5958333333333333 0.75625 0.5895833333333333 0.753125 0.5833333333333334 0.753125 0.5729166666666666 0.7640625 0.5625 0.771875 0.5604166666666667 0.78125 0.5625
0 0.2203125 0.4125 0.2359375 0.42291666666666666 0.2390625 0.43125 0.2359375 0.4395833333333333 0.23125 0.44583333333333336 0.2265625 0.4479166666666667 0.2125 0.4479166666666667 0.203125 0.44375 0.196875 0.43125 0.203125 0.4166666666666667 0.21875 0.4125
0 0.415625 0.3770833333333333 0.4234375 0.3875 0.4234375 0.39375 0.4203125 0.40208333333333335 0.4078125 0.4083333333333333 0.4 0.4083333333333333 0.39375 0.4041666666666667 0.3875 0.3958333333333333 0.3875 0.38333333333333336 0.390625 0.3770833333333333 0.396875 0.3729166666666667 0.4078125 0.3729166666666667 0.4140625 0.3770833333333333
0 0.7671875 0.7145833333333333 0.778125 0.7208333333333333 0.7859375 0.73125 0.7859375 0.74375 0.7828125 0.75 0.771875 0.75625 0.75625 0.7541666666666667 0.746875 0.7458333333333333 0.74375 0.7395833333333334 0.74375 0.7270833333333333 0.75 0.7166666666666667 0.765625 0.7145833333333333
0 0.2140625 0.5979166666666667 0.2203125 0.6041666666666666 0.2203125 0.61875 0.2125 0.6270833333333333 0.2015625 0.63125 0.190625 0.63125 0.184375 0.6270833333333333 0.18125 0.6229166666666667 0.1796875 0.6125 0.184375 0.6020833333333333 0.1890625 0.5979166666666667 0.19375 0.5958333333333333 0.2109375 0.5958333333333333 0.2125 0.5979166666666667
0 0.225 0.35 0.2390625 0.3625 0.2390625 0.3770833333333333 0.2328125 0.38333333333333336 0.2265625 0.3854166666666667 0.2125 0.38333333333333336 0.203125 0.3770833333333333 0.2 0.36875 0.2046875 0.3541666666666667 0.2125 0.35 0.2234375 0.35
0 0.7921875 0.4375 0.7984375 0.44583333333333336 0.7984375 0.4583333333333333 0.7921875 0.4666666666666667 0.7796875 0.4708333333333333 0.7671875 0.46875 0.7625 0.46458333333333335 0.759375 0.46041666666666664 0.759375 0.4479166666666667 0.7625 0.44166666666666665 0.771875 0.4354166666666667 0.790625 0.4375
0 0.596875 0.24583333333333332 0.6046875 0.25416666666666665 0.6046875 0.26875 0.59375 0.28125 0.578125 0.2791666666666667 0.571875 0.2708333333333333 0.571875 0.25625 0.575 0.25 0.58125 0.24583333333333332 0.5859375 0.24375 0.59375 0.24375 0.5953125 0.24583333333333332
0 0.3734375 0.7416666666666667 0.3796875 0.75 0.3796875 0.7625 0.3703125 0.7770833333333333 0.3609375 0.78125 0.346875 0.7770833333333333 0.340625 0.7645833333333333 0.340625 0.7583333333333333 0.3484375 0.7458333333333333 0.3546875 0.7416666666666667 0.359375 0.7395833333333334 0.3703125 0.7395833333333334 0.371875 0.7416666666666667
0 0.5765625 0.6229166666666667 0.5875 0.6375 0.5859375 0.65 0.5828125 0.65625 0.5765625 0.6604166666666667 0.5625 0.6604166666666667 0.55625 0.65625 0.55 0.64375 0.55 0.6375 0.559375 0.625 0.575 0.6229166666666667
0 0.215625 0.23958333333333334 0.2359375 0.2375 0.2453125 0.24375 0.25 0.25833333333333336 0.2484375 0.26458333333333334 0.240625 0.27291666666666664 0.228125 0.27291666666666664 0.21875 0.26875 0.2109375 0.25625 0.2125 0.24375 0.215625 0.24166666666666667
0 0.7796875 0.6375 0.7890625 0.6458333333333334 0.7921875 0.6520833333333333 0.7921875 0.6604166666666667 0.7859375 0.6708333333333333 0.7765625 0.675 0.765625 0.6729166666666667 0.75625 0.6666666666666666 0.75 0.65625 0.75 0.6479166666666667 0.759375 0.6375 0.765625 0.6354166666666666 0.778125 0.6375
0 0.2140625 0.47291666666666665 0.2265625 0.4791666666666667 0.23125 0.4875 0.23125 0.49583333333333335 0.2265625 0.5020833333333333 0.2140625 0.5083333333333333 0.196875 0.5041666666666667 0.190625 0.49375 0.190625 0.4875 0.196875 0.47708333333333336 0.2046875 0.47291666666666665 0.2125 0.47291666666666665
0 0.6390625 0.6958333333333333 0.6484375 0.70625 0.65 0.7229166666666667 0.6453125 0.73125 0.6375 0.7354166666666667 0.621875 0.7333333333333333 0.6125 0.71875 0.6125 0.7083333333333334 0.615625 0.7020833333333333 0.6234375 0.6958333333333333 0.6375 0.6958333333333333
0 0.209375 0.53125 0.221875 0.5354166666666667 0.2265625 0.54375 0.2265625 0.5541666666666667 0.215625 0.5645833333333333 0.209375 0.5666666666666667 0.196875 0.5666666666666667 0.190625 0.5625 0.1859375 0.5541666666666667 0.1859375 0.5458333333333333 0.1921875 0.5354166666666667 0.2 0.53125 0.2078125 0.53125
0 0.7984375 0.26666666666666666 0.8 0.2708333333333333 0.7984375 0.28541666666666665 0.790625 0.29375 0.7828125 0.29791666666666666 0.76875 0.29791666666666666 0.765625 0.29583333333333334 0.7609375 0.28958333333333336 0.759375 0.28125 0.765625 0.26875 0.778125 0.2604166666666667 0.7890625 0.2604166666666667 0.796875 0.26666666666666666
0 0.7875 0.325 0.7953125 0.33125 0.7984375 0.3375 0.7984375 0.34375 0.7921875 0.35625 0.7828125 0.36041666666666666 0.765625 0.36041666666666666 0.759375 0.3541666666666667 0.7578125 0.3416666666666667 0.7640625 0.33125 0.7703125 0.32708333333333334 0.7859375 0.325