0 0.4953125 0.26666666666666666 0.0265625 0.05
0 0.28203125 0.08020833333333334 0.0265625 0.05
0 0.503125 0.12395833333333334 0.02578125 0.051041666666666666
0 0.49375 0.196875 0.02578125 0.04895833333333333
0 0.4609375 0.12604166666666666 0.025 0.05
0 0.30625 0.015625 0.025 0.030208333333333334
0 0.125 0.25729166666666664 0.03046875 0.051041666666666666
0 0.24453125 0.09791666666666667 0.0265625 0.04895833333333333
0 0.44375 0.030208333333333334 0.02578125 0.05
0 0.2609375 0.171875 0.02734375 0.05
0 0.415625 0.7364583333333333 0.0296875 0.05416666666666667
0 0.225 0.478125 0.03046875 0.051041666666666666
0 0.66875 0.44895833333333335 0.03125 0.051041666666666666
0 0.56328125 0.007291666666666667 0.0234375 0.014583333333333334
0 0.18125 0.6552083333333333 0.03203125 0.053125
0 0.5234375 0.4239583333333333 0.02890625 0.051041666666666666
0 0.21875 0.284375 0.02734375 0.05
0 0.45625 0.740625 0.02734375 0.053125
0 0.1734375 0.3958333333333333 0.0296875 0.05
0 0.51171875 0.007291666666666667 0.0234375 0.014583333333333334
0 0.2234375 0.353125 0.02890625 0.05
0 0.49765625 0.846875 0.0296875 0.057291666666666664