0 0.3671875 0.7385416666666667 0.03046875 0.05416666666666667
0 0.36640625 0.6541666666666667 0.0296875 0.053125
0 0.46640625 0.6510416666666666 0.0265625 0.051041666666666666
0 0.41953125 0.4864583333333333 0.0265625 0.04583333333333333
0 0.5171875 0.9114583333333334 0.0296875 0.057291666666666664
0 0.7609375 0.6552083333333333 0.03359375 0.05520833333333333
0 0.659375 0.9166666666666666 0.03125 0.058333333333333334
0 0.609375 0.9135416666666667 0.03046875 0.057291666666666664
0 0.70703125 0.9177083333333333 0.0328125 0.058333333333333334
0 0.5140625 0.8302083333333333 0.02734375 0.05520833333333333
0 0.7640625 0.3885416666666667 0.03515625 0.057291666666666664
0 0.559375 0.8260416666666667 0.02890625 0.057291666666666664
0 0.56015625 0.7447916666666666 0.0296875 0.05520833333333333
0 0.36640625 0.39895833333333336 0.0296875 0.051041666666666666
0 0.56015625 0.5697916666666667 0.0296875 0.053125
0 0.4625 0.48020833333333335 0.025 0.046875
0 0.7078125 0.8354166666666667 0.03203125 0.057291666666666664
0 0.6109375 0.12083333333333333 0.03046875 0.058333333333333334
0 0.7078125 0.6552083333333333 0.03203125 0.053125
0 0.665625 0.11666666666666667 0.03125 0.058333333333333334
0 0.46640625 0.128125 0.0296875 0.05520833333333333
0 0.509375 0.29791666666666666 0.02890625 0.051041666666666666
0 0.5125 0.23333333333333334 0.02890625 0.053125