0 0.625 0.11458333333333333 0.03125 0.058333333333333334
0 0.52421875 0.2916666666666667 0.0296875 0.05416666666666667
0 0.61015625 0.8947916666666667 0.0296875 0.05416666666666667
0 0.721875 0.11979166666666667 0.034375 0.0625
0 0.525 0.11145833333333334 0.0296875 0.058333333333333334
0 0.43046875 0.115625 0.0296875 0.0625
0 0.48125 0.10729166666666666 0.028125 0.058333333333333334
0 0.4734375 0.8947916666666667 0.028125 0.058333333333333334
0 0.5171875 0.890625 0.028125 0.05416666666666667
0 0.5671875 0.8916666666666667 0.028125 0.05416666666666667
0 0.66875 0.2947916666666667 0.03125 0.05416666666666667
0 0.51875 0.6447916666666667 0.028125 0.05
0 0.425 0.6385416666666667 0.0265625 0.05
0 0.3234375 0.37604166666666666 0.03125 0.05416666666666667
0 0.6171875 0.640625 0.0296875 0.05
0 0.71640625 0.38645833333333335 0.034375 0.05416666666666667
0 0.6171875 0.471875 0.028125 0.05
0 0.4265625 0.7322916666666667 0.025 0.05
0 0.703125 0.8864583333333333 0.03125 0.058333333333333334
0 0.709375 0.6427083333333333 0.03125 0.05416666666666667
0 0.521875 0.38125 0.028125 0.05
0 0.521875 0.5604166666666667 0.028125 0.05
0 0.3234375 0.09479166666666666 0.034375 0.0625
0 0.3296875 0.903125 0.03125 0.05416666666666667
0 0.5734375 0.47604166666666664 0.028125 0.05
0 0.42578125 0.3802083333333333 0.0265625 0.05
0 0.42578125 0.284375 0.028125 0.05
0 0.3203125 0.6364583333333333 0.028125 0.05416666666666667
0 0.5171875 0.7291666666666666 0.028125 0.05416666666666667
0 0.33203125 0.7385416666666667 0.0296875 0.05416666666666667
0 0.5734375 0.11354166666666667 0.03125 0.058333333333333334
0 0.378125 0.7322916666666667 0.028125 0.05