0 0.54375 0.32083333333333336 0.040625 0.041666666666666664
0 0.15234375 0.5 0.04375 0.03958333333333333
0 0.3921875 0.9895833333333334 0.040625 0.020833333333333332
0 0.7203125 0.725 0.04375 0.04375
0 0.4 0.30625 0.040625 0.04375
0 0.2703125 0.56875 0.040625 0.0375
0 0.1515625 0.68125 0.04375 0.03958333333333333
0 0.30078125 0.94375 0.040625 0.041666666666666664
0 0.35234375 0.9354166666666667 0.040625 0.041666666666666664
0 0.5 0.8375 0.040625 0.04375
0 0.15 0.5520833333333334 0.040625 0.0375
0 0.15390625 0.6135416666666667 0.04375 0.0375
0 0.58515625 0.5979166666666667 0.0375 0.03958333333333333
0 0.38515625 0.7645833333333333 0.040625 0.041666666666666664
0 0.72578125 0.675 0.04375 0.041666666666666664
0 0.45078125 0.7114583333333333 0.040625 0.03958333333333333
0 0.3328125 0.5729166666666666 0.0375 0.0375
0 0.1375 0.8645833333333334 0.025 0.03958333333333333
0 0.73359375 0.5416666666666666 0.04375 0.041666666666666664
0 0.146875 0.9166666666666666 0.040625 0.03958333333333333
0 0.7265625 0.6020833333333333 0.04375 0.041666666666666664
0 0.2640625 0.8072916666666666 0.040625 0.03958333333333333