0 0.4765625 0.171875 0.028125 0.05
0 0.47890625 0.25416666666666665 0.0265625 0.05
0 0.46875 0.09791666666666667 0.025 0.05416666666666667
0 0.5125 0.10416666666666667 0.025 0.05
0 0.5609375 0.10104166666666667 0.028125 0.05416666666666667
0 0.6875 0.07291666666666667 0.025 0.05
0 0.6671875 0.010416666666666666 0.025 0.020833333333333332
0 0.60078125 0.8177083333333334 0.0296875 0.05416666666666667
0 0.725 0.090625 0.025 0.05
0 0.5484375 0.6270833333333333 0.028125 0.05
0 0.503125 0.65 0.028125 0.05
0 0.5578125 0.828125 0.028125 0.05416666666666667
0 0.8359375 0.25729166666666664 0.028125 0.05
0 0.49296875 0.5552083333333333 0.0265625 0.04583333333333333
0 0.4890625 0.40208333333333335 0.028125 0.05
0 0.50859375 0.8302083333333333 0.0296875 0.05416666666666667
0 0.7453125 0.28020833333333334 0.028125 0.05
0 0.29765625 0.5114583333333333 0.034375 0.05416666666666667
0 0.73984375 0.34479166666666666 0.028125 0.05
0 0.7875 0.390625 0.028125 0.05
0 0.7765625 0.6395833333333333 0.03125 0.05
0 0.4625 0.8427083333333333 0.03125 0.05416666666666667