0 0.83203125 0.4791666666666667 0.0375 0.03333333333333333
0 0.82890625 0.42291666666666666 0.040625 0.03333333333333333
0 0.82890625 0.5270833333333333 0.0375 0.0375
0 0.72265625 0.4625 0.0375 0.03333333333333333
0 0.83203125 0.35833333333333334 0.0375 0.03333333333333333
0 0.50078125 0.3229166666666667 0.0375 0.0375
0 0.31484375 0.22916666666666666 0.04375 0.041666666666666664
0 0.62890625 0.21458333333333332 0.0375 0.03958333333333333
0 0.3 0.359375 0.040625 0.03958333333333333
0 0.85546875 0.18333333333333332 0.0375 0.0375
0 0.30390625 0.3104166666666667 0.040625 0.03958333333333333
0 0.29765625 0.43020833333333336 0.040625 0.0375
0 0.53359375 0.6979166666666666 0.040625 0.041666666666666664
0 0.50390625 0.45729166666666665 0.0375 0.03958333333333333
0 0.290625 0.490625 0.040625 0.035416666666666666
0 0.84140625 0.13333333333333333 0.0375 0.035416666666666666
0 0.70078125 0.10208333333333333 0.0375 0.0375
0 0.28125 0.5635416666666667 0.040625 0.03958333333333333
0 0.61640625 0.04375 0.0375 0.041666666666666664
0 0.653125 0.11041666666666666 0.0375 0.0375