0 0.44921875 0.04791666666666667 0.0265625 0.05416666666666667
0 0.58203125 0.04895833333333333 0.0265625 0.05416666666666667
0 0.4875 0.04479166666666667 0.025 0.05416666666666667
0 0.4953125 0.203125 0.028125 0.05
0 0.53125 0.053125 0.025 0.05416666666666667
0 0.6109375 0.5875 0.028125 0.05
0 0.86953125 0.22291666666666668 0.0296875 0.05
0 0.61328125 0.7864583333333334 0.03125 0.058333333333333334
0 0.7546875 0.04791666666666667 0.028125 0.05
0 0.3078125 0.46041666666666664 0.0328125 0.05416666666666667
0 0.51796875 0.7927083333333333 0.0296875 0.05416666666666667
0 0.715625 0.026041666666666668 0.028125 0.05
0 0.4703125 0.8010416666666667 0.03125 0.058333333333333334
0 0.56875 0.7927083333333333 0.028125 0.05416666666666667
0 0.80078125 0.6166666666666667 0.03125 0.05416666666666667
0 0.5046875 0.5114583333333333 0.028125 0.05
0 0.76796875 0.309375 0.0296875 0.05
0 0.50546875 0.3572916666666667 0.0265625 0.05
0 0.4140625 0.8145833333333333 0.03125 0.058333333333333334
0 0.77421875 0.240625 0.0296875 0.05
0 0.8171875 0.359375 0.03125 0.05