0 0.5171875 0.4114583333333333 0.03125 0.05520833333333333
0 0.24609375 0.5885416666666666 0.0375 0.058333333333333334
0 0.365625 0.21041666666666667 0.03203125 0.0625
0 0.5796875 0.215625 0.03359375 0.06354166666666666
0 0.109375 0.42604166666666665 0.0359375 0.058333333333333334
0 0.4703125 0.31354166666666666 0.03125 0.06145833333333333
0 0.459375 0.9114583333333334 0.03515625 0.06979166666666667
0 0.3984375 0.9125 0.03515625 0.06979166666666667
0 0.3 0.9020833333333333 0.03515625 0.06770833333333333
0 0.4671875 0.21666666666666667 0.03203125 0.06145833333333333
0 0.57890625 0.9197916666666667 0.0359375 0.071875
0 0.3171875 0.22604166666666667 0.034375 0.0625
0 0.7046875 0.9197916666666667 0.03984375 0.07395833333333333
0 0.690625 0.6166666666666667 0.03828125 0.06354166666666666
0 0.3265625 0.034375 0.03359375 0.06354166666666666
0 0.69296875 0.28854166666666664 0.0390625 0.06666666666666667
0 0.471875 0.041666666666666664 0.03203125 0.06666666666666667
0 0.359375 0.39791666666666664 0.03359375 0.0625
0 0.35625 0.9104166666666667 0.03671875 0.07083333333333333
0 0.41953125 0.046875 0.0328125 0.065625
0 0.3671875 0.04375 0.03359375 0.065625
0 0.26640625 0.315625 0.034375 0.058333333333333334
0 0.5125 0.9166666666666666 0.0328125 0.06666666666666667
0 0.3578125 0.5947916666666667 0.03359375 0.057291666666666664
0 0.65078125 0.91875 0.0390625 0.07395833333333333
0 0.52109375 0.040625 0.0328125 0.06770833333333333
0 0.471875 0.490625 0.03203125 0.059375
0 0.40390625 0.7916666666666666 0.0328125 0.06145833333333333