0 0.6390625 0.4583333333333333 0.6453125 0.4666666666666667 0.6453125 0.47291666666666665 0.6421875 0.475 0.6390625 0.48333333333333334 0.6296875 0.4895833333333333 0.61875 0.4895833333333333 0.609375 0.48333333333333334 0.6046875 0.475 0.6046875 0.4666666666666667 0.60625 0.46041666666666664 0.6203125 0.45 0.6328125 0.45208333333333334 0.6375 0.4583333333333333
0 0.15625 0.6 0.165625 0.6104166666666667 0.1671875 0.6229166666666667 0.159375 0.6333333333333333 0.1453125 0.6395833333333333 0.1328125 0.6395833333333333 0.125 0.6333333333333333 0.125 0.60625 0.134375 0.6 0.1546875 0.6
0 0.2859375 0.5979166666666667 0.2953125 0.60625 0.296875 0.6208333333333333 0.2875 0.6333333333333333 0.271875 0.6395833333333333 0.2625 0.6375 0.253125 0.6270833333333333 0.2515625 0.6208333333333333 0.253125 0.6104166666666667 0.2625 0.6 0.284375 0.5979166666666667
0 0.14375 0.7375 0.1453125 0.7395833333333334 0.153125 0.7395833333333334 0.1609375 0.7458333333333333 0.1640625 0.7541666666666667 0.1640625 0.7604166666666666 0.1609375 0.7666666666666667 0.1515625 0.7770833333333333 0.14375 0.78125 0.128125 0.78125 0.125 0.7791666666666667 0.125 0.7458333333333333 0.1421875 0.7395833333333334
0 0.5546875 0.45416666666666666 0.5640625 0.4666666666666667 0.5640625 0.47708333333333336 0.5546875 0.4875 0.55 0.4895833333333333 0.540625 0.4895833333333333 0.53125 0.48541666666666666 0.525 0.475 0.525 0.4625 0.5375 0.45208333333333334 0.5515625 0.45208333333333334 0.553125 0.45416666666666666
0 0.7859375 0.7541666666666667 0.796875 0.7625 0.803125 0.7770833333333333 0.8015625 0.7875 0.7953125 0.7958333333333333 0.790625 0.7979166666666667 0.7734375 0.7979166666666667 0.765625 0.79375 0.759375 0.7854166666666667 0.7546875 0.7729166666666667 0.7546875 0.7666666666666667 0.759375 0.75625 0.765625 0.7520833333333333 0.7828125 0.7520833333333333 0.784375 0.7541666666666667
0 0.2890625 0.6791666666666667 0.29375 0.6895833333333333 0.2921875 0.7 0.2796875 0.7145833333333333 0.275 0.7166666666666667 0.259375 0.7166666666666667 0.253125 0.7125 0.2484375 0.7041666666666667 0.2484375 0.6916666666666667 0.253125 0.6833333333333333 0.2671875 0.675 0.284375 0.675 0.2875 0.6791666666666667
0 0.5765625 0.7395833333333334 0.5859375 0.75 0.5859375 0.7708333333333334 0.5828125 0.7770833333333333 0.571875 0.7833333333333333 0.5625 0.7833333333333333 0.553125 0.7791666666666667 0.546875 0.7708333333333334 0.5453125 0.75625 0.546875 0.75 0.559375 0.7375 0.5734375 0.7375 0.575 0.7395833333333334
0 0.41875 0.31875 0.4265625 0.33125 0.4265625 0.34375 0.4203125 0.35208333333333336 0.4125 0.35625 0.396875 0.3541666666666667 0.390625 0.35 0.3875 0.3458333333333333 0.384375 0.3333333333333333 0.3875 0.325 0.3953125 0.31666666666666665 0.4109375 0.3145833333333333 0.4171875 0.31875
0 0.125 0.3229166666666667 0.1421875 0.3229166666666667 0.1546875 0.32916666666666666 0.1609375 0.3375 0.1609375 0.35 0.1546875 0.35833333333333334 0.1453125 0.3625 0.128125 0.36041666666666666 0.125 0.35833333333333334 0.125 0.325
0 0.421875 0.59375 0.4328125 0.6 0.4328125 0.6041666666666666 0.4359375 0.6083333333333333 0.4359375 0.6145833333333334 0.43125 0.625 0.4203125 0.6333333333333333 0.4046875 0.6333333333333333 0.39375 0.6229166666666667 0.3921875 0.6145833333333334 0.396875 0.6 0.409375 0.59375 0.4203125 0.59375
0 0.7015625 0.15833333333333333 0.7078125 0.16458333333333333 0.7109375 0.17291666666666666 0.709375 0.18125 0.6984375 0.19791666666666666 0.6890625 0.20208333333333334 0.678125 0.20208333333333334 0.66875 0.19583333333333333 0.665625 0.18958333333333333 0.665625 0.17708333333333334 0.6703125 0.16458333333333333 0.678125 0.15625 0.6984375 0.15625 0.7 0.15833333333333333
0 0.125 0.25625 0.1390625 0.25625 0.1546875 0.26875 0.1546875 0.27291666666666664 0.1578125 0.27708333333333335 0.1578125 0.2833333333333333 0.1484375 0.29583333333333334 0.1421875 0.29791666666666666 0.125 0.29583333333333334 0.125 0.25833333333333336
0 0.340625 0.18541666666666667 0.3546875 0.19375 0.3609375 0.20416666666666666 0.3609375 0.22083333333333333 0.3578125 0.225 0.3453125 0.23125 0.3390625 0.23125 0.328125 0.225 0.31875 0.21041666666666667 0.31875 0.20208333333333334 0.325 0.19166666666666668 0.3390625 0.18541666666666667
0 0.7796875 0.3125 0.79375 0.31875 0.7984375 0.32708333333333334 0.7984375 0.3375 0.7921875 0.35 0.778125 0.35625 0.7640625 0.35625 0.7578125 0.35208333333333336 0.7515625 0.3416666666666667 0.7515625 0.3333333333333333 0.75625 0.3229166666666667 0.765625 0.3145833333333333 0.778125 0.3125
0 0.7859375 0.45 0.7921875 0.45208333333333334 0.7984375 0.46041666666666664 0.8 0.4666666666666667 0.7984375 0.475 0.7859375 0.4875 0.7625 0.48541666666666666 0.753125 0.475 0.7515625 0.4666666666666667 0.75625 0.45625 0.76875 0.4479166666666667 0.7828125 0.4479166666666667 0.784375 0.45
0 0.7875 0.5166666666666667 0.7984375 0.525 0.8015625 0.53125 0.8015625 0.5416666666666666 0.796875 0.55 0.7859375 0.55625 0.76875 0.5541666666666667 0.75625 0.54375 0.7546875 0.5375 0.75625 0.5270833333333333 0.7609375 0.5208333333333334 0.76875 0.5166666666666667 0.7859375 0.5166666666666667
0 0.7828125 0.23958333333333334 0.7921875 0.25 0.79375 0.2604166666666667 0.7890625 0.27291666666666664 0.7734375 0.2833333333333333 0.759375 0.2833333333333333 0.75 0.27708333333333335 0.746875 0.2708333333333333 0.746875 0.25833333333333336 0.7640625 0.23958333333333334 0.78125 0.23958333333333334
0 0.2796875 0.25625 0.2921875 0.26666666666666666 0.296875 0.27708333333333335 0.2953125 0.28958333333333336 0.284375 0.29791666666666666 0.265625 0.29583333333333334 0.259375 0.2916666666666667 0.253125 0.2833333333333333 0.2515625 0.27708333333333335 0.253125 0.26666666666666666 0.259375 0.25833333333333336 0.26875 0.25416666666666665 0.2765625 0.25416666666666665 0.278125 0.25625
0 0.140625 0.39375 0.1578125 0.4 0.165625 0.4125 0.1640625 0.425 0.1546875 0.43333333333333335 0.134375 0.43333333333333335 0.125 0.4270833333333333 0.125 0.4 0.1296875 0.3958333333333333 0.1390625 0.39375
0 0.553125 0.3145833333333333 0.5609375 0.31875 0.5671875 0.32708333333333334 0.56875 0.3333333333333333 0.5640625 0.34791666666666665 0.5609375 0.35208333333333336 0.5515625 0.35625 0.540625 0.3541666666666667 0.534375 0.35 0.528125 0.3375 0.53125 0.32708333333333334 0.5375 0.31875 0.54375 0.3145833333333333 0.5515625 0.3145833333333333
0 0.7875 0.36875 0.7984375 0.3770833333333333 0.8 0.39375 0.7984375 0.4 0.7921875 0.40625 0.7828125 0.41041666666666665 0.7671875 0.41041666666666665 0.759375 0.40625 0.753125 0.39375 0.753125 0.38958333333333334 0.759375 0.3770833333333333 0.7640625 0.3729166666666667 0.775 0.36875 0.7859375 0.36875
0 0.5546875 0.16458333333333333 0.5609375 0.17083333333333334 0.5640625 0.17916666666666667 0.5640625 0.19375 0.5578125 0.20416666666666666 0.5484375 0.20833333333333334 0.5375 0.20833333333333334 0.528125 0.20208333333333334 0.525 0.19375 0.525 0.175 0.53125 0.16666666666666666 0.5375 0.1625 0.5515625 0.1625 0.553125 0.16458333333333333
0 0.3421875 0.74375 0.3515625 0.7520833333333333 0.3546875 0.7625 0.3515625 0.7729166666666667 0.3453125 0.7833333333333333 0.3328125 0.7895833333333333 0.31875 0.7875 0.3125 0.78125 0.309375 0.7729166666666667 0.309375 0.7645833333333333 0.31875 0.75 0.3296875 0.74375 0.340625 0.74375
0 0.7859375 0.6895833333333333 0.7953125 0.6958333333333333 0.8015625 0.7041666666666667 0.8015625 0.7208333333333333 0.7984375 0.7270833333333333 0.7890625 0.7333333333333333 0.76875 0.73125 0.759375 0.7229166666666667 0.753125 0.7104166666666667 0.753125 0.7041666666666667 0.75625 0.6958333333333333 0.7625 0.6895833333333333 0.765625 0.6875 0.784375 0.6895833333333333
0 0.559375 0.6 0.5703125 0.6083333333333333 0.5734375 0.6166666666666667 0.5734375 0.6229166666666667 0.5703125 0.6333333333333333 0.5578125 0.64375 0.54375 0.6416666666666667 0.5375 0.6375 0.53125 0.6270833333333333 0.53125 0.6166666666666667 0.5375 0.60625 0.546875 0.6 0.5578125 0.6
0 0.3578125 0.46458333333333335 0.365625 0.47291666666666665 0.3671875 0.48125 0.3609375 0.49583333333333335 0.35 0.5 0.3390625 0.5 0.3296875 0.49583333333333335 0.325 0.4895833333333333 0.3234375 0.4791666666666667 0.325 0.47291666666666665 0.334375 0.4625 0.35625 0.46458333333333335
0 0.125 0.19166666666666668 0.1328125 0.18958333333333333 0.1453125 0.19375 0.1578125 0.20625 0.1609375 0.21666666666666667 0.1578125 0.225 0.1484375 0.23333333333333334 0.1296875 0.23125 0.125 0.22708333333333333 0.125 0.19375
0 0.796875 0.60625 0.8046875 0.61875 0.8046875 0.6291666666666667 0.7953125 0.6395833333333333 0.7890625 0.6416666666666667 0.775 0.6416666666666667 0.7640625 0.6354166666666666 0.75625 0.6229166666666667 0.75625 0.6145833333333334 0.7625 0.6041666666666666 0.775 0.5979166666666667 0.784375 0.6 0.7953125 0.60625
0 0.153125 0.46458333333333335 0.1609375 0.46875 0.1640625 0.475 0.165625 0.48541666666666666 0.159375 0.49583333333333335 0.14375 0.5020833333333333 0.125 0.4979166666666667 0.125 0.4666666666666667 0.1328125 0.4625 0.1515625 0.46458333333333335
0 0.63125 0.675 0.6390625 0.6791666666666667 0.6484375 0.6979166666666666 0.6484375 0.7041666666666667 0.6453125 0.7125 0.6390625 0.71875 0.6328125 0.7208333333333333 0.615625 0.71875 0.60625 0.70625 0.60625 0.6895833333333333 0.609375 0.6833333333333333 0.61875 0.675 0.6296875 0.675
0 0.153125 0.5291666666666667 0.1640625 0.5375 0.165625 0.5541666666666667 0.1546875 0.5645833333333333 0.1421875 0.56875 0.1296875 0.5666666666666667 0.125 0.5625 0.125 0.5333333333333333 0.13125 0.5291666666666667 0.1515625 0.5291666666666667