0 0.3015625 0.29583333333333334 0.309375 0.30416666666666664 0.3140625 0.31666666666666665 0.3140625 0.33541666666666664 0.3109375 0.34375 0.3 0.35 0.29375 0.34791666666666665 0.284375 0.33541666666666664 0.2828125 0.32708333333333334 0.2828125 0.3125 0.2875 0.3 0.2921875 0.29583333333333334 0.3 0.29583333333333334
0 0.484375 0.20416666666666666 0.4890625 0.2 0.496875 0.2 0.50625 0.2125 0.5078125 0.22291666666666668 0.50625 0.24166666666666667 0.5015625 0.2520833333333333 0.4984375 0.25625 0.4875 0.25625 0.48125 0.24583333333333332 0.478125 0.22708333333333333 0.4796875 0.2125 0.484375 0.20625
0 0.703125 0.014583333333333334 0.7140625 0.020833333333333332 0.71875 0.03333333333333333 0.7171875 0.052083333333333336 0.7125 0.06458333333333334 0.70625 0.07291666666666667 0.703125 0.07708333333333334 0.696875 0.07708333333333334 0.6890625 0.06875 0.6859375 0.06041666666666667 0.6859375 0.04791666666666667 0.6890625 0.03125 0.696875 0.016666666666666666 0.7015625 0.016666666666666666
0 0.4796875 0.5979166666666667 0.4765625 0.5875 0.478125 0.5708333333333333 0.4859375 0.5583333333333333 0.490625 0.55625 0.496875 0.5583333333333333 0.5046875 0.5729166666666666 0.5046875 0.5958333333333333 0.4984375 0.60625 0.4921875 0.6083333333333333 0.4859375 0.60625 0.48125 0.5979166666666667
0 0.7234375 0.8583333333333333 0.734375 0.8708333333333333 0.7390625 0.8895833333333333 0.7375 0.9104166666666667 0.7328125 0.91875 0.7296875 0.91875 0.7265625 0.9229166666666667 0.715625 0.91875 0.709375 0.9104166666666667 0.703125 0.8895833333333333 0.7046875 0.8729166666666667 0.709375 0.8625 0.7140625 0.8583333333333333 0.721875 0.8583333333333333
0 0.6953125 0.5875 0.703125 0.58125 0.715625 0.5833333333333334 0.7234375 0.5958333333333333 0.725 0.6041666666666666 0.725 0.6145833333333334 0.721875 0.6270833333333333 0.715625 0.6354166666666666 0.709375 0.6375 0.7015625 0.6354166666666666 0.69375 0.6270833333333333 0.6890625 0.6104166666666667 0.690625 0.5979166666666667 0.6953125 0.5895833333333333
0 0.4375 0.03333333333333333 0.4421875 0.029166666666666667 0.45 0.029166666666666667 0.4578125 0.03958333333333333 0.4609375 0.05416666666666667 0.4609375 0.06875 0.4578125 0.08125 0.45 0.08958333333333333 0.4453125 0.08958333333333333 0.4390625 0.08541666666666667 0.4328125 0.06875 0.4328125 0.04583333333333333 0.4375 0.035416666666666666
0 0.346875 0.022916666666666665 0.3546875 0.029166666666666667 0.3609375 0.05416666666666667 0.359375 0.07083333333333333 0.3515625 0.08125 0.3421875 0.08125 0.3359375 0.07291666666666667 0.33125 0.05625 0.33125 0.0375 0.3328125 0.03333333333333333 0.3390625 0.025 0.3453125 0.022916666666666665
0 0.3484375 0.20625 0.35625 0.2125 0.3625 0.22916666666666666 0.3609375 0.25416666666666665 0.353125 0.26458333333333334 0.346875 0.26458333333333334 0.340625 0.2604166666666667 0.334375 0.24583333333333332 0.33125 0.23125 0.3359375 0.2125 0.346875 0.20625
0 0.4984375 0.6645833333333333 0.5046875 0.675 0.50625 0.69375 0.5046875 0.7020833333333333 0.49375 0.7145833333333333 0.4890625 0.7145833333333333 0.4796875 0.7020833333333333 0.478125 0.6833333333333333 0.4875 0.6625 0.4953125 0.6625 0.496875 0.6645833333333333
0 0.396875 0.5666666666666667 0.4046875 0.5770833333333333 0.4078125 0.5875 0.4078125 0.5958333333333333 0.403125 0.6104166666666667 0.39375 0.6166666666666667 0.3859375 0.6145833333333334 0.3796875 0.60625 0.378125 0.5854166666666667 0.38125 0.575 0.3875 0.5666666666666667 0.3953125 0.5666666666666667
0 0.4984375 0.8583333333333333 0.5046875 0.8666666666666667 0.5078125 0.8833333333333333 0.50625 0.9020833333333333 0.4984375 0.91875 0.4859375 0.91875 0.4796875 0.9083333333333333 0.4765625 0.89375 0.4765625 0.8833333333333333 0.48125 0.8666666666666667 0.490625 0.85625 0.496875 0.8583333333333333
0 0.5453125 0.8625 0.553125 0.8708333333333333 0.5578125 0.8916666666666667 0.55625 0.9104166666666667 0.546875 0.9229166666666667 0.5390625 0.9229166666666667 0.5328125 0.91875 0.5265625 0.8979166666666667 0.5265625 0.8833333333333333 0.5296875 0.8729166666666667 0.5359375 0.8625 0.54375 0.8625
0 0.2890625 0.7479166666666667 0.2953125 0.75625 0.296875 0.775 0.29375 0.7895833333333333 0.2828125 0.8020833333333334 0.271875 0.8020833333333334 0.2671875 0.7979166666666667 0.2625 0.7854166666666667 0.2625 0.7729166666666667 0.265625 0.7583333333333333 0.271875 0.75 0.2765625 0.75 0.28125 0.7458333333333333 0.2875 0.7479166666666667
0 0.5078125 0.3 0.5109375 0.3125 0.5109375 0.32916666666666666 0.50625 0.34375 0.4984375 0.35 0.49375 0.35 0.4859375 0.3416666666666667 0.4828125 0.33125 0.4828125 0.3145833333333333 0.484375 0.30625 0.490625 0.29583333333333334 0.5 0.29375 0.5046875 0.29583333333333334 0.50625 0.3
0 0.5 0.027083333333333334 0.50625 0.03333333333333333 0.5109375 0.05416666666666667 0.509375 0.05625 0.5078125 0.07708333333333334 0.5015625 0.08541666666666667 0.4890625 0.08541666666666667 0.4859375 0.08125 0.48125 0.05625 0.4828125 0.041666666666666664 0.4859375 0.03333333333333333 0.4890625 0.029166666666666667 0.4984375 0.027083333333333334
0 0.665625 0.91875 0.6609375 0.9104166666666667 0.6546875 0.8895833333333333 0.6546875 0.875 0.6578125 0.8666666666666667 0.665625 0.8583333333333333 0.6765625 0.8583333333333333 0.6828125 0.8666666666666667 0.6890625 0.8833333333333333 0.6890625 0.9083333333333333 0.6859375 0.9145833333333333 0.678125 0.9229166666666667 0.6734375 0.9229166666666667 0.6671875 0.91875
0 0.5984375 0.38125 0.603125 0.38333333333333336 0.609375 0.39166666666666666 0.6125 0.4083333333333333 0.609375 0.425 0.5984375 0.4375 0.5890625 0.4354166666666667 0.58125 0.42291666666666666 0.5828125 0.39375 0.5859375 0.3875 0.596875 0.38125
0 0.39375 0.025 0.403125 0.03333333333333333 0.4078125 0.05 0.4078125 0.07083333333333333 0.4 0.08541666666666667 0.390625 0.08541666666666667 0.3859375 0.08125 0.3796875 0.0625 0.38125 0.035416666666666666 0.3875 0.027083333333333334 0.3921875 0.025
0 0.4453125 0.8666666666666667 0.4484375 0.875 0.4484375 0.9020833333333333 0.44375 0.9145833333333333 0.4359375 0.9229166666666667 0.43125 0.9229166666666667 0.425 0.91875 0.421875 0.9125 0.41875 0.9020833333333333 0.41875 0.8875 0.421875 0.875 0.4296875 0.8625 0.4375 0.8604166666666667 0.4421875 0.8625 0.44375 0.8666666666666667
0 0.290625 0.5625 0.2953125 0.5666666666666667 0.3 0.5791666666666667 0.3 0.59375 0.296875 0.6041666666666666 0.2859375 0.6145833333333334 0.2765625 0.6145833333333334 0.26875 0.60625 0.265625 0.5854166666666667 0.26875 0.5729166666666666 0.275 0.5625 0.2890625 0.5625
0 0.6046875 0.5645833333333333 0.6140625 0.5708333333333333 0.61875 0.5833333333333334 0.61875 0.6041666666666666 0.609375 0.61875 0.5984375 0.61875 0.590625 0.6104166666666667 0.5875 0.6020833333333333 0.5875 0.5854166666666667 0.590625 0.575 0.596875 0.5666666666666667 0.603125 0.5645833333333333
0 0.2875 0.03333333333333333 0.2921875 0.029166666666666667 0.303125 0.029166666666666667 0.309375 0.0375 0.3140625 0.052083333333333336 0.3140625 0.075 0.3109375 0.08125 0.303125 0.0875 0.2953125 0.08541666666666667 0.290625 0.08125 0.2828125 0.06041666666666667 0.2828125 0.05 0.2875 0.035416666666666666
0 0.5984375 0.8625 0.6078125 0.8625 0.6125 0.8666666666666667 0.61875 0.8770833333333333 0.621875 0.8916666666666667 0.621875 0.9020833333333333 0.61875 0.9166666666666666 0.6078125 0.9270833333333334 0.6 0.9229166666666667 0.59375 0.9145833333333333 0.5890625 0.89375 0.590625 0.8770833333333333 0.5953125 0.8666666666666667 0.5984375 0.8645833333333334
0 0.6671875 0.6625 0.671875 0.6666666666666666 0.6765625 0.6770833333333334 0.678125 0.7020833333333333 0.675 0.7104166666666667 0.665625 0.71875 0.653125 0.7145833333333333 0.646875 0.7041666666666667 0.64375 0.6916666666666667 0.646875 0.6708333333333333 0.6546875 0.6625 0.665625 0.6625
0 0.55 0.025 0.5578125 0.0375 0.559375 0.05625 0.55625 0.07291666666666667 0.553125 0.08125 0.5484375 0.08541666666666667 0.5359375 0.08333333333333333 0.53125 0.07291666666666667 0.53125 0.03958333333333333 0.5328125 0.03333333333333333 0.540625 0.025 0.5484375 0.025
0 0.3265625 0.90625 0.325 0.9 0.3265625 0.8708333333333333 0.3296875 0.8625 0.3359375 0.8541666666666666 0.340625 0.8520833333333333 0.35 0.8541666666666666 0.3546875 0.8625 0.35625 0.8708333333333333 0.3546875 0.89375 0.35 0.90625 0.3390625 0.9145833333333333 0.334375 0.9145833333333333 0.328125 0.90625
0 0.6578125 0.18958333333333333 0.6640625 0.19166666666666668 0.6671875 0.19583333333333333 0.671875 0.21666666666666667 0.665625 0.23958333333333334 0.659375 0.24791666666666667 0.6546875 0.25 0.65 0.25 0.6421875 0.24166666666666667 0.6390625 0.23125 0.6390625 0.22083333333333333 0.64375 0.2 0.65 0.19166666666666668 0.65625 0.18958333333333333
0 0.5984375 0.19583333333333333 0.60625 0.2 0.6125 0.2125 0.6125 0.23333333333333334 0.6046875 0.2520833333333333 0.6 0.25625 0.5921875 0.25625 0.5875 0.2520833333333333 0.5828125 0.23958333333333334 0.584375 0.2125 0.5875 0.20416666666666666 0.596875 0.19791666666666666
0 0.7171875 0.2708333333333333 0.725 0.2833333333333333 0.7265625 0.3020833333333333 0.7234375 0.3125 0.715625 0.3229166666666667 0.709375 0.32708333333333334 0.703125 0.32708333333333334 0.6953125 0.32083333333333336 0.6921875 0.3104166666666667 0.6921875 0.29583333333333334 0.6984375 0.2791666666666667 0.7046875 0.2708333333333333 0.715625 0.2708333333333333
0 0.396875 0.37916666666666665 0.403125 0.3875 0.40625 0.4041666666666667 0.4046875 0.41875 0.396875 0.43125 0.3890625 0.43125 0.3796875 0.42291666666666666 0.3765625 0.41041666666666665 0.3765625 0.3958333333333333 0.3796875 0.3854166666666667 0.384375 0.37916666666666665 0.3953125 0.37916666666666665
0 0.396875 0.85625 0.40625 0.8625 0.409375 0.8708333333333333 0.409375 0.89375 0.4046875 0.9104166666666667 0.396875 0.91875 0.3875 0.91875 0.378125 0.9020833333333333 0.378125 0.8854166666666666 0.384375 0.8666666666666667 0.390625 0.8583333333333333 0.3953125 0.8583333333333333