0 0.46953125 0.19895833333333332 0.0375 0.041666666666666664
0 0.578125 0.33958333333333335 0.0375 0.0375
0 0.68515625 0.46875 0.0375 0.035416666666666666
0 0.79609375 0.5375 0.040625 0.0375
0 0.6390625 0.23541666666666666 0.0375 0.03958333333333333
0 0.79921875 0.4875 0.040625 0.03333333333333333
0 0.79609375 0.43020833333333336 0.040625 0.035416666666666666
0 0.55390625 0.7208333333333333 0.040625 0.041666666666666664
0 0.45390625 0.32708333333333334 0.0375 0.0375
0 0.26015625 0.23125 0.04375 0.041666666666666664
0 0.62265625 0.46875 0.0375 0.03333333333333333
0 0.80078125 0.36354166666666665 0.0375 0.0375
0 0.24921875 0.3104166666666667 0.04375 0.0375
0 0.24609375 0.35833333333333334 0.04375 0.041666666666666664
0 0.234375 0.49166666666666664 0.040625 0.0375
0 0.55546875 0.5177083333333333 0.0375 0.035416666666666666
0 0.38203125 0.4354166666666667 0.034375 0.0375
0 0.24140625 0.43125 0.040625 0.0375
0 0.61640625 0.59375 0.0375 0.0375
0 0.41484375 0.7072916666666667 0.040625 0.041666666666666664
0 0.81484375 0.13333333333333333 0.040625 0.03958333333333333