0 0.4859375 0.034375 0.028125 0.057291666666666664
0 0.5234375 0.103125 0.02734375 0.051041666666666666
0 0.525 0.17708333333333334 0.02734375 0.05416666666666667
0 0.53046875 0.026041666666666668 0.0265625 0.051041666666666666
0 0.4515625 0.5791666666666667 0.02890625 0.05
0 0.3 0.015625 0.0265625 0.030208333333333334
0 0.45078125 0.6677083333333333 0.0296875 0.053125
0 0.1453125 0.2 0.0296875 0.05
0 0.26171875 0.025 0.0265625 0.05
0 0.49765625 0.6 0.028125 0.05
0 0.240625 0.22291666666666668 0.02890625 0.051041666666666666
0 0.2125 0.5947916666666667 0.03046875 0.053125
0 0.7140625 0.3614583333333333 0.0328125 0.057291666666666664
0 0.24765625 0.28854166666666664 0.0296875 0.05416666666666667
0 0.25234375 0.4197916666666667 0.0296875 0.051041666666666666
0 0.28046875 0.10208333333333333 0.0296875 0.05416666666666667
0 0.48984375 0.7677083333333333 0.0296875 0.053125
0 0.1984375 0.33645833333333336 0.02890625 0.051041666666666666
0 0.55859375 0.34479166666666666 0.028125 0.051041666666666666