0 0.6953125 0.5979166666666667 0.7046875 0.6041666666666666 0.7109375 0.6166666666666667 0.7046875 0.63125 0.6953125 0.6354166666666666 0.6890625 0.6354166666666666 0.6765625 0.6291666666666667 0.66875 0.6145833333333334 0.671875 0.6041666666666666 0.6765625 0.6 0.69375 0.5979166666666667
0 0.5734375 0.5291666666666667 0.5828125 0.5395833333333333 0.5828125 0.5541666666666667 0.5765625 0.5625 0.5703125 0.5645833333333333 0.5625 0.5645833333333333 0.553125 0.5604166666666667 0.546875 0.5520833333333334 0.546875 0.5395833333333333 0.55 0.5333333333333333 0.559375 0.5270833333333333 0.571875 0.5291666666666667
0 0.2359375 0.39791666666666664 0.2453125 0.40625 0.246875 0.42083333333333334 0.240625 0.43125 0.2296875 0.4354166666666667 0.21875 0.43333333333333335 0.209375 0.4270833333333333 0.2046875 0.41875 0.2046875 0.41041666666666665 0.20625 0.4041666666666667 0.215625 0.3958333333333333 0.2328125 0.3958333333333333 0.234375 0.39791666666666664
0 0.6234375 0 0.6578125 0 0.6578125 0.004166666666666667 0.646875 0.01875 0.640625 0.020833333333333332 0.628125 0.016666666666666666 0.621875 0.008333333333333333 0.6234375 0.0020833333333333333
0 0.7328125 0.15208333333333332 0.7421875 0.16041666666666668 0.7453125 0.17083333333333334 0.7390625 0.18125 0.7296875 0.1875 0.71875 0.1875 0.7125 0.18333333333333332 0.709375 0.17916666666666667 0.709375 0.16666666666666666 0.71875 0.15416666666666667 0.73125 0.15208333333333332
0 0.528125 0.06041666666666667 0.534375 0.05625 0.5453125 0.05625 0.5546875 0.0625 0.5578125 0.06875 0.5578125 0.07916666666666666 0.55 0.09166666666666666 0.546875 0.09375 0.5328125 0.09375 0.5234375 0.08125 0.525 0.06666666666666667 0.528125 0.0625
0 0.871875 0.19791666666666666 0.8734375 0.2 0.8734375 0.23125 0.865625 0.23333333333333334 0.85625 0.23125 0.85 0.22291666666666668 0.8484375 0.21666666666666667 0.85 0.21041666666666667 0.85625 0.20416666666666666 0.865625 0.19791666666666666 0.8703125 0.19791666666666666
0 0.6921875 0.475 0.7046875 0.48125 0.7078125 0.4875 0.7078125 0.5020833333333333 0.6984375 0.5104166666666666 0.6796875 0.5104166666666666 0.66875 0.5 0.66875 0.4895833333333333 0.671875 0.48333333333333334 0.6765625 0.4791666666666667 0.690625 0.475
0 0.6 0.125 0.6046875 0.12708333333333333 0.6078125 0.13333333333333333 0.6078125 0.14375 0.6015625 0.15416666666666667 0.5953125 0.15833333333333333 0.5796875 0.15625 0.575 0.15208333333333332 0.5734375 0.13958333333333334 0.578125 0.12708333333333333 0.5875 0.12083333333333333 0.5921875 0.12083333333333333 0.5984375 0.125
0 0.3640625 0.09166666666666666 0.3671875 0.10208333333333333 0.3640625 0.11041666666666666 0.3640625 0.11666666666666667 0.3578125 0.12291666666666666 0.3375 0.12083333333333333 0.33125 0.1125 0.3296875 0.09791666666666667 0.33125 0.09166666666666666 0.3375 0.08541666666666667 0.3546875 0.08541666666666667 0.3625 0.09166666666666666
0 0.815625 0.17708333333333334 0.8203125 0.18333333333333332 0.821875 0.19375 0.8203125 0.19791666666666666 0.80625 0.20833333333333334 0.796875 0.20833333333333334 0.790625 0.20416666666666666 0.7859375 0.19791666666666666 0.784375 0.19166666666666668 0.796875 0.175 0.8078125 0.17291666666666666 0.8140625 0.17708333333333334
0 0.4890625 0.12916666666666668 0.496875 0.13333333333333333 0.5015625 0.13958333333333334 0.5015625 0.15416666666666667 0.4921875 0.16666666666666666 0.4765625 0.16666666666666666 0.46875 0.15833333333333333 0.4671875 0.15208333333333332 0.46875 0.1375 0.471875 0.13333333333333333 0.4796875 0.12916666666666668 0.4875 0.12916666666666668
0 0.7890625 0.125 0.796875 0.12916666666666668 0.8015625 0.13541666666666666 0.8015625 0.14583333333333334 0.7953125 0.15416666666666667 0.7859375 0.16041666666666668 0.778125 0.16041666666666668 0.76875 0.15416666666666667 0.765625 0.14791666666666667 0.765625 0.14166666666666666 0.7765625 0.12708333333333333 0.7875 0.125
0 0.8640625 0.4041666666666667 0.021875 0.035416666666666666
0 0.2390625 0.5208333333333334 0.2453125 0.525 0.2484375 0.53125 0.25 0.5416666666666666 0.2421875 0.5541666666666667 0.2265625 0.5583333333333333 0.2125 0.5541666666666667 0.20625 0.54375 0.20625 0.5333333333333333 0.2125 0.525 0.221875 0.51875 0.2375 0.5208333333333334
0 0.6140625 0.09166666666666666 0.6234375 0.10208333333333333 0.6234375 0.1125 0.6171875 0.12291666666666666 0.6109375 0.12708333333333333 0.60625 0.12708333333333333 0.5890625 0.11875 0.5875 0.1125 0.59375 0.09583333333333334 0.5984375 0.09166666666666666 0.6125 0.09166666666666666
0 0.275 0.4666666666666667 0.284375 0.46041666666666664 0.2984375 0.46041666666666664 0.3078125 0.4666666666666667 0.3109375 0.47291666666666665 0.3109375 0.4875 0.3078125 0.49166666666666664 0.2984375 0.4979166666666667 0.2875 0.4979166666666667 0.28125 0.49583333333333335 0.275 0.4895833333333333 0.271875 0.48125 0.271875 0.4708333333333333 0.275 0.46875
0 0.7578125 0.47291666666666665 0.7640625 0.48125 0.7640625 0.49583333333333335 0.7546875 0.5041666666666667 0.7375 0.5041666666666667 0.7296875 0.5 0.725 0.49166666666666664 0.725 0.48125 0.7296875 0.475 0.7375 0.4708333333333333 0.7546875 0.4708333333333333 0.75625 0.47291666666666665
0 0.81875 0.42083333333333334 0.8234375 0.4270833333333333 0.8234375 0.44375 0.8078125 0.45208333333333334 0.7984375 0.45208333333333334 0.7875 0.44583333333333336 0.784375 0.4395833333333333 0.784375 0.42916666666666664 0.79375 0.42083333333333334 0.80625 0.4166666666666667 0.8109375 0.4166666666666667 0.8171875 0.42083333333333334
0 0.6453125 0.10833333333333334 0.646875 0.11041666666666666 0.6546875 0.11041666666666666 0.6609375 0.11666666666666667 0.6625 0.12083333333333333 0.6609375 0.13333333333333333 0.6546875 0.14166666666666666 0.6484375 0.14583333333333334 0.6375 0.14583333333333334 0.63125 0.14166666666666666 0.628125 0.1375 0.6296875 0.12083333333333333 0.634375 0.1125 0.64375 0.11041666666666666