0 0.30234375 0.43125 0.04375 0.041666666666666664
0 0.56015625 0.14895833333333333 0.040625 0.04375
0 0.16171875 0.44895833333333335 0.046875 0.041666666666666664
0 0.37421875 0.43333333333333335 0.040625 0.041666666666666664
0 0.16171875 0.50625 0.05 0.04375
0 0.4328125 0.2916666666666667 0.04375 0.041666666666666664
0 0.16953125 0.38333333333333336 0.046875 0.041666666666666664
0 0.36796875 0.17708333333333334 0.04375 0.04375
0 0.80390625 0.325 0.05 0.041666666666666664
0 0.78671875 0.20833333333333334 0.046875 0.041666666666666664
0 0.57421875 0.2833333333333333 0.04375 0.041666666666666664
0 0.16171875 0.259375 0.04375 0.03958333333333333
0 0.80859375 0.4 0.05 0.041666666666666664
0 0.16875 0.30833333333333335 0.046875 0.041666666666666664
0 0.815625 0.46458333333333335 0.05 0.04583333333333333
0 0.44609375 0.725 0.046875 0.05
0 0.65234375 0.4010416666666667 0.040625 0.041666666666666664
0 0.44921875 0.4895833333333333 0.040625 0.03958333333333333
0 0.37734375 0.575 0.04375 0.041666666666666664
0 0.79609375 0.27291666666666664 0.046875 0.04375
0 0.61171875 0.7072916666666667 0.04375 0.04791666666666667