0 0.85390625 0.465625 0.040625 0.03958333333333333
0 0.84921875 0.403125 0.04375 0.0375
0 0.48203125 0.3020833333333333 0.040625 0.041666666666666664
0 0.853125 0.51875 0.040625 0.03958333333333333
0 0.853125 0.3333333333333333 0.040625 0.041666666666666664
0 0.61484375 0.25729166666666664 0.04375 0.041666666666666664
0 0.73125 0.44895833333333335 0.040625 0.03958333333333333
0 0.73671875 0.20833333333333334 0.04375 0.041666666666666664
0 0.26640625 0.346875 0.04375 0.041666666666666664
0 0.26484375 0.42083333333333334 0.04375 0.041666666666666664
0 0.2484375 0.5583333333333333 0.04375 0.041666666666666664
0 0.27109375 0.29375 0.04375 0.041666666666666664
0 0.2578125 0.4822916666666667 0.04375 0.03958333333333333
0 0.48828125 0.44479166666666664 0.0375 0.0375
0 0.86484375 0.146875 0.0203125 0.03958333333333333
0 0.5203125 0.70625 0.040625 0.041666666666666664
0 0.85625 0.09375 0.0375 0.0375
0 0.60625 0.015625 0.040625 0.03125
0 0.6984375 0.06666666666666667 0.040625 0.041666666666666664
0 0.64609375 0.07604166666666666 0.040625 0.041666666666666664