0 0.26875 0.33229166666666665 0.0265625 0.04583333333333333
0 0.196875 0.2791666666666667 0.02734375 0.046875
0 0.24140625 0.6479166666666667 0.0296875 0.051041666666666666
0 0.3421875 0.11145833333333334 0.02421875 0.04583333333333333
0 0.2859375 0.484375 0.02734375 0.04895833333333333
0 0.2859375 0.28854166666666664 0.02734375 0.046875
0 0.54375 0.2760416666666667 0.02578125 0.04895833333333333
0 0.321875 0.19791666666666666 0.025 0.04583333333333333
0 0.2890625 0.3541666666666667 0.025 0.04479166666666667
0 0.3078125 0.128125 0.02421875 0.04479166666666667
0 0.2390625 0.40729166666666666 0.0265625 0.046875
0 0.55234375 0.13854166666666667 0.0265625 0.04895833333333333
0 0.44609375 0.8427083333333333 0.0296875 0.05520833333333333
0 0.3640625 0.03854166666666667 0.0234375 0.046875
0 0.54296875 0.20729166666666668 0.025 0.04895833333333333
0 0.68125 0.3697916666666667 0.03046875 0.053125
0 0.4953125 0.05416666666666667 0.02421875 0.046875
0 0.57265625 0.43125 0.028125 0.051041666666666666
0 0.5609375 0.017708333333333333 0.02421875 0.034375
0 0.4921875 0.010416666666666666 0.02109375 0.020833333333333332
0 0.521875 0.5791666666666667 0.028125 0.05
0 0.6125 0.015625 0.025 0.03125
0 0.50234375 0.771875 0.028125 0.051041666666666666
0 0.434375 0.015625 0.0234375 0.030208333333333334