0 0.81640625 0.7927083333333333 0.0375 0.035416666666666666
0 0.24140625 0.6354166666666666 0.040625 0.041666666666666664
0 0.78046875 0.55625 0.0375 0.035416666666666666
0 0.78203125 0.5 0.0375 0.03333333333333333
0 0.72734375 0.5104166666666666 0.0375 0.03333333333333333
0 0.675 0.509375 0.0375 0.035416666666666666
0 0.6859375 0.99375 0.0375 0.0125
0 0.74921875 0.8229166666666666 0.0375 0.0375
0 0.3203125 0.5645833333333333 0.040625 0.0375
0 0.86484375 0.7614583333333333 0.0203125 0.035416666666666666
0 0.66484375 0.88125 0.040625 0.03958333333333333
0 0.80546875 0.84375 0.034375 0.03333333333333333
0 0.53515625 0.278125 0.0375 0.041666666666666664
0 0.51796875 0.8739583333333333 0.040625 0.03958333333333333
0 0.85078125 0.5770833333333333 0.0375 0.035416666666666666
0 0.55703125 0.47291666666666665 0.0375 0.0375
0 0.38671875 0.9364583333333333 0.040625 0.041666666666666664
0 0.58125 0.9416666666666667 0.0375 0.041666666666666664
0 0.615625 0.875 0.0375 0.041666666666666664
0 0.2390625 0.5104166666666666 0.040625 0.0375
0 0.86796875 0.4875 0.0125 0.03125
0 0.86796875 0.41770833333333335 0.0125 0.03125