0 0.47421875 0.028125 0.0296875 0.05520833333333333
0 0.42734375 0.034375 0.028125 0.057291666666666664
0 0.3515625 0.5239583333333333 0.03046875 0.05416666666666667
0 0.5140625 0.029166666666666667 0.02890625 0.05520833333333333
0 0.375 0.029166666666666667 0.03046875 0.05520833333333333
0 0.31796875 0.346875 0.03125 0.057291666666666664
0 0.46171875 0.19166666666666668 0.0296875 0.05520833333333333
0 0.28125 0.184375 0.03046875 0.057291666666666664
0 0.38515625 0.8114583333333333 0.03125 0.059375
0 0.440625 0.8135416666666667 0.03046875 0.059375
0 0.54375 0.8354166666666667 0.03125 0.059375
0 0.3453125 0.8052083333333333 0.03125 0.058333333333333334
0 0.48671875 0.8229166666666666 0.0296875 0.057291666666666664
0 0.45859375 0.515625 0.028125 0.051041666666666666
0 0.0765625 0.21354166666666666 0.03046875 0.05416666666666667
0 0.23515625 0.013541666666666667 0.0296875 0.027083333333333334
0 0.6546875 0.47291666666666665 0.03046875 0.05416666666666667
0 0.1953125 0.025 0.028125 0.05
0 0.1328125 0.35833333333333334 0.03125 0.053125
0 0.175 0.23541666666666666 0.03046875 0.05416666666666667
0 0.18203125 0.30520833333333336 0.03125 0.053125