0 0.20390625 0.5354166666666667 0.04375 0.0375
0 0.5859375 0.21041666666666667 0.040625 0.041666666666666664
0 0.39765625 0.6 0.040625 0.035416666666666666
0 0.26484375 0.7364583333333333 0.04375 0.041666666666666664
0 0.20703125 0.47708333333333336 0.040625 0.0375
0 0.52109375 0.34375 0.0375 0.03958333333333333
0 0.20546875 0.35208333333333336 0.040625 0.041666666666666664
0 0.39296875 0.22083333333333333 0.040625 0.041666666666666664
0 0.39453125 0.475 0.040625 0.03958333333333333
0 0.33203125 0.7364583333333333 0.04375 0.041666666666666664
0 0.52265625 0.5322916666666667 0.0375 0.035416666666666666
0 0.3953125 0.34375 0.0375 0.03958333333333333
0 0.20546875 0.2916666666666667 0.040625 0.041666666666666664
0 0.39609375 0.7395833333333334 0.04375 0.041666666666666664
0 0.32734375 0.47708333333333336 0.040625 0.0375
0 0.2671875 0.478125 0.040625 0.0375
0 0.45859375 0.4739583333333333 0.040625 0.035416666666666666
0 0.5265625 0.6020833333333333 0.0375 0.035416666666666666
0 0.26484375 0.28958333333333336 0.040625 0.041666666666666664
0 0.79140625 0.26875 0.04375 0.041666666666666664
0 0.59453125 0.7354166666666667 0.0375 0.041666666666666664
0 0.78984375 0.3333333333333333 0.04375 0.041666666666666664
0 0.58984375 0.47291666666666665 0.040625 0.0375
0 0.80234375 0.6645833333333333 0.046875 0.041666666666666664
0 0.79609375 0.5270833333333333 0.040625 0.0375
0 0.6625 0.6 0.040625 0.0375
0 0.7921875 0.4666666666666667 0.04375 0.03958333333333333
0 0.79140625 0.4010416666666667 0.04375 0.03958333333333333
0 0.796875 0.5958333333333333 0.04375 0.0375