0 0.625 0.11458333333333333 0.03125 0.058333333333333334
0 0.72109375 0.11979166666666667 0.034375 0.0625
0 0.43046875 0.11458333333333333 0.0296875 0.058333333333333334
0 0.52421875 0.290625 0.0296875 0.05416666666666667
0 0.48046875 0.10729166666666666 0.0296875 0.058333333333333334
0 0.525 0.11145833333333334 0.0296875 0.058333333333333334
0 0.5171875 0.890625 0.028125 0.058333333333333334
0 0.4734375 0.8947916666666667 0.028125 0.058333333333333334
0 0.61015625 0.8947916666666667 0.0296875 0.05416666666666667
0 0.5671875 0.8916666666666667 0.028125 0.05416666666666667
0 0.6171875 0.471875 0.028125 0.05
0 0.66875 0.29375 0.03125 0.05416666666666667
0 0.3234375 0.37604166666666666 0.0296875 0.05
0 0.7171875 0.38645833333333335 0.034375 0.05416666666666667
0 0.47578125 0.46979166666666666 0.0265625 0.05
0 0.425 0.6375 0.025 0.04583333333333333
0 0.6171875 0.640625 0.0296875 0.05
0 0.33203125 0.7375 0.0296875 0.05416666666666667
0 0.521875 0.3802083333333333 0.028125 0.05416666666666667
0 0.709375 0.6427083333333333 0.03125 0.05416666666666667
0 0.703125 0.8864583333333333 0.03125 0.058333333333333334
0 0.3234375 0.09479166666666666 0.0328125 0.0625
0 0.42578125 0.3802083333333333 0.0265625 0.05
0 0.521875 0.5604166666666667 0.028125 0.05
0 0.3296875 0.903125 0.03125 0.05416666666666667
0 0.5171875 0.728125 0.028125 0.05416666666666667
0 0.425 0.7260416666666667 0.0265625 0.05
0 0.4265625 0.28229166666666666 0.028125 0.05
0 0.3203125 0.6364583333333333 0.028125 0.05416666666666667
0 0.5734375 0.11354166666666667 0.0296875 0.058333333333333334