0 0.4734375 0.10520833333333333 0.028125 0.058333333333333334
0 0.5171875 0.10833333333333334 0.028125 0.05416666666666667
0 0.32265625 0.18645833333333334 0.03125 0.058333333333333334
0 0.425 0.36354166666666665 0.0265625 0.05
0 0.6109375 0.10729166666666666 0.0296875 0.05416666666666667
0 0.31953125 0.36354166666666665 0.0296875 0.05416666666666667
0 0.65625 0.10729166666666666 0.03125 0.05416666666666667
0 0.51875 0.359375 0.0296875 0.05416666666666667
0 0.6171875 0.528125 0.0296875 0.05
0 0.321875 0.2760416666666667 0.03125 0.058333333333333334
0 0.709375 0.3572916666666667 0.03125 0.05416666666666667
0 0.6171875 0.36041666666666666 0.0296875 0.05
0 0.7171875 0.6145833333333334 0.03125 0.058333333333333334
0 0.475 0.5302083333333333 0.028125 0.05
0 0.5171875 0.26979166666666665 0.028125 0.05416666666666667
0 0.51640625 0.18958333333333333 0.028125 0.05416666666666667
0 0.6734375 0.8885416666666667 0.0328125 0.058333333333333334
0 0.625 0.8885416666666667 0.03125 0.058333333333333334
0 0.425 0.7166666666666667 0.028125 0.05416666666666667
0 0.51953125 0.44479166666666664 0.0265625 0.05
0 0.37734375 0.903125 0.03125 0.0625
0 0.5203125 0.6197916666666666 0.028125 0.05416666666666667
0 0.3234375 0.6260416666666667 0.0296875 0.05
0 0.6578125 0.18645833333333334 0.03125 0.05416666666666667
0 0.4796875 0.8947916666666667 0.028125 0.058333333333333334
0 0.525 0.8895833333333333 0.03125 0.058333333333333334
0 0.425 0.6197916666666666 0.0265625 0.05
0 0.42890625 0.8958333333333334 0.0296875 0.058333333333333334
0 0.5734375 0.8885416666666667 0.028125 0.058333333333333334