0 0.328125 0.5041666666666667 0.028125 0.04791666666666667
0 0.7296875 0.565625 0.028125 0.04583333333333333
0 0.578125 0.8385416666666666 0.0265625 0.05416666666666667
0 0.484375 0.6666666666666666 0.025 0.04583333333333333
0 0.48125 0.7802083333333333 0.0265625 0.04583333333333333
0 0.66953125 0.678125 0.0265625 0.05
0 0.3921875 0.49895833333333334 0.028125 0.04583333333333333
0 0.66328125 0.346875 0.0265625 0.04583333333333333
0 0.6046875 0.446875 0.025 0.041666666666666664
0 0.54453125 0.5572916666666666 0.025 0.04583333333333333
0 0.428125 0.7802083333333333 0.0265625 0.05
0 0.54140625 0.9010416666666666 0.0265625 0.058333333333333334
0 0.4515625 0.39895833333333336 0.025 0.04583333333333333
0 0.759375 0.5072916666666667 0.028125 0.05
0 0.6625 0.4427083333333333 0.025 0.04583333333333333
0 0.2703125 0.403125 0.03125 0.04583333333333333
0 0.60859375 0.784375 0.0265625 0.05
0 0.696875 0.6208333333333333 0.028125 0.05
0 0.3234375 0.6072916666666667 0.028125 0.05
0 0.3671875 0.23541666666666666 0.028125 0.05
0 0.3953125 0.18645833333333334 0.0265625 0.05
0 0.64375 0.7260416666666667 0.025 0.05
0 0.5640625 0.184375 0.025 0.05
0 0.30546875 0.3458333333333333 0.0296875 0.04791666666666667
0 0.5078125 0.184375 0.025 0.05
0 0.23984375 0.4510416666666667 0.03125 0.05
0 0.50859375 0.2989583333333333 0.025 0.04583333333333333
0 0.45625 0.08854166666666667 0.025 0.05
0 0.33359375 0.290625 0.028125 0.04583333333333333
0 0.4859375 0.03854166666666667 0.025 0.05416666666666667
0 0.5109375 0.9614583333333333 0.0296875 0.05416666666666667
0 0.4296875 0.13854166666666667 0.025 0.05