0 0.18125 0.5229166666666667 0.1875 0.5270833333333333 0.190625 0.5333333333333333 0.190625 0.5458333333333333 0.1828125 0.55625 0.171875 0.5604166666666667 0.153125 0.5583333333333333 0.1453125 0.55 0.14375 0.5395833333333333 0.1484375 0.5270833333333333 0.1578125 0.5208333333333334 0.1796875 0.5229166666666667
0 0.4265625 0.5354166666666667 0.4234375 0.5291666666666667 0.4234375 0.51875 0.4296875 0.5083333333333333 0.4359375 0.5041666666666667 0.4578125 0.50625 0.465625 0.51875 0.465625 0.5291666666666667 0.4578125 0.5395833333333333 0.45 0.54375 0.4359375 0.54375 0.4296875 0.5395833333333333 0.428125 0.5354166666666667
0 0.3671875 0.17083333333333334 0.378125 0.18541666666666667 0.378125 0.19791666666666666 0.3734375 0.20625 0.3609375 0.2125 0.3515625 0.21041666666666667 0.340625 0.20208333333333334 0.3359375 0.19375 0.3359375 0.18125 0.3421875 0.17083333333333334 0.3484375 0.16666666666666666 0.35625 0.16666666666666666 0.365625 0.17083333333333334
0 0.309375 0.44583333333333336 0.31875 0.4583333333333333 0.31875 0.4666666666666667 0.3125 0.47708333333333336 0.30625 0.48125 0.2875 0.48125 0.2796875 0.47708333333333336 0.2734375 0.4666666666666667 0.2734375 0.4583333333333333 0.2765625 0.45 0.2875 0.44166666666666665 0.2984375 0.44166666666666665 0.3078125 0.44583333333333336
0 0.371875 0.44375 0.384375 0.4479166666666667 0.390625 0.4583333333333333 0.390625 0.46875 0.3875 0.475 0.384375 0.4791666666666667 0.375 0.48333333333333334 0.3578125 0.48125 0.3515625 0.47708333333333336 0.346875 0.46875 0.346875 0.4583333333333333 0.3546875 0.44583333333333336 0.3703125 0.44375
0 0.859375 0.74375 0.8671875 0.75625 0.8671875 0.76875 0.8625 0.7770833333333333 0.8546875 0.7833333333333333 0.8359375 0.7833333333333333 0.8234375 0.775 0.8140625 0.7604166666666666 0.8140625 0.7479166666666667 0.8203125 0.7375 0.8265625 0.7333333333333333 0.84375 0.7333333333333333 0.853125 0.7375 0.8578125 0.74375
0 0.31875 0.5958333333333333 0.325 0.6041666666666666 0.325 0.6166666666666667 0.3171875 0.6291666666666667 0.309375 0.6333333333333333 0.2890625 0.6333333333333333 0.2859375 0.63125 0.2796875 0.6208333333333333 0.2796875 0.6083333333333333 0.2890625 0.5958333333333333 0.2953125 0.59375 0.315625 0.59375 0.3171875 0.5958333333333333
0 0.61875 0.725 0.628125 0.7354166666666667 0.63125 0.74375 0.63125 0.7583333333333333 0.625 0.76875 0.6171875 0.7729166666666667 0.5984375 0.7708333333333334 0.5890625 0.7604166666666666 0.5859375 0.7520833333333333 0.5859375 0.74375 0.5890625 0.7354166666666667 0.596875 0.7270833333333333 0.6046875 0.7229166666666667 0.6171875 0.725
0 0.1640625 0.3145833333333333 0.178125 0.3229166666666667 0.1828125 0.3333333333333333 0.18125 0.3458333333333333 0.1703125 0.3541666666666667 0.1609375 0.3541666666666667 0.14375 0.34791666666666665 0.1375 0.3375 0.1375 0.32916666666666666 0.1421875 0.31875 0.15625 0.3125 0.1625 0.3145833333333333
0 0.171875 0.3875 0.184375 0.39375 0.1875 0.4 0.1875 0.4125 0.18125 0.42291666666666666 0.16875 0.4270833333333333 0.1515625 0.42291666666666666 0.1453125 0.41875 0.1421875 0.4125 0.1421875 0.4 0.1515625 0.3875 0.1578125 0.3854166666666667 0.1703125 0.3875
0 0.159375 0.26458333333333334 0.171875 0.27708333333333335 0.171875 0.28958333333333336 0.16875 0.29583333333333334 0.1578125 0.3020833333333333 0.1390625 0.29791666666666666 0.1328125 0.29375 0.128125 0.2833333333333333 0.1296875 0.26875 0.1359375 0.2625 0.1515625 0.2604166666666667 0.1578125 0.26458333333333334
0 0.4890625 0.4354166666666667 0.5 0.43125 0.5078125 0.43125 0.51875 0.4375 0.525 0.4479166666666667 0.525 0.45625 0.51875 0.4666666666666667 0.5125 0.4708333333333333 0.4984375 0.4708333333333333 0.4859375 0.4625 0.4828125 0.45416666666666666 0.4828125 0.4479166666666667 0.4859375 0.4395833333333333 0.4890625 0.4375
0 0.846875 0.48333333333333334 0.853125 0.49375 0.853125 0.50625 0.85 0.5125 0.8359375 0.5208333333333334 0.8203125 0.5208333333333334 0.8109375 0.5166666666666667 0.803125 0.50625 0.8015625 0.5 0.8046875 0.4895833333333333 0.809375 0.48333333333333334 0.8203125 0.47708333333333336 0.83125 0.47708333333333336 0.8453125 0.48333333333333334
0 0.8234375 0.19166666666666668 0.828125 0.20208333333333334 0.828125 0.21458333333333332 0.815625 0.23125 0.8 0.2375 0.7890625 0.23541666666666666 0.7796875 0.22708333333333333 0.778125 0.22083333333333333 0.7796875 0.20833333333333334 0.7890625 0.19375 0.7953125 0.18958333333333333 0.815625 0.1875 0.821875 0.19166666666666668
0 0.296875 0.3125 0.303125 0.31666666666666665 0.30625 0.325 0.30625 0.3333333333333333 0.2984375 0.3458333333333333 0.29375 0.34791666666666665 0.28125 0.34791666666666665 0.2703125 0.34375 0.2640625 0.3375 0.2609375 0.32916666666666666 0.2640625 0.31666666666666665 0.271875 0.30833333333333335 0.2875 0.30625 0.2953125 0.3125
0 0.734375 0.33958333333333335 0.74375 0.3458333333333333 0.7515625 0.35833333333333334 0.746875 0.37083333333333335 0.7421875 0.3770833333333333 0.73125 0.38333333333333336 0.7140625 0.38125 0.709375 0.3770833333333333 0.7046875 0.37083333333333335 0.7046875 0.35625 0.7109375 0.3458333333333333 0.7171875 0.3416666666666667 0.7328125 0.33958333333333335
0 0.18125 0.4583333333333333 0.1875 0.46458333333333335 0.190625 0.475 0.184375 0.4875 0.171875 0.49375 0.1578125 0.49375 0.15 0.4895833333333333 0.1421875 0.4791666666666667 0.1421875 0.4708333333333333 0.1484375 0.4583333333333333 0.15625 0.45416666666666666 0.1671875 0.45416666666666666 0.1796875 0.4583333333333333
0 0.575 0.28125 0.5875 0.28541666666666665 0.59375 0.29583333333333334 0.59375 0.30833333333333335 0.590625 0.31666666666666665 0.578125 0.325 0.5625 0.3229166666666667 0.5515625 0.30833333333333335 0.5515625 0.3 0.5609375 0.2833333333333333 0.5734375 0.28125
0 0.3015625 0.24375 0.3125 0.2520833333333333 0.315625 0.2604166666666667 0.315625 0.26666666666666666 0.3125 0.275 0.303125 0.2833333333333333 0.2859375 0.28125 0.2765625 0.275 0.2703125 0.26458333333333334 0.2703125 0.25625 0.2734375 0.24791666666666667 0.2796875 0.24166666666666667 0.29375 0.23958333333333334 0.3 0.24375
0 0.565625 0.125 0.578125 0.13125 0.5828125 0.14583333333333334 0.58125 0.1625 0.578125 0.16875 0.56875 0.175 0.553125 0.175 0.5453125 0.16875 0.5421875 0.16041666666666668 0.5421875 0.14166666666666666 0.5453125 0.13541666666666666 0.55625 0.12708333333333333 0.5640625 0.125
0 0.3734375 0.7375 0.378125 0.7395833333333334 0.384375 0.7479166666666667 0.3859375 0.7604166666666666 0.378125 0.7770833333333333 0.365625 0.7854166666666667 0.3578125 0.7854166666666667 0.3484375 0.78125 0.3421875 0.7729166666666667 0.340625 0.7604166666666666 0.3421875 0.7541666666666667 0.3484375 0.7458333333333333 0.3609375 0.7375 0.371875 0.7375
0 0.8421875 0.6645833333333333 0.859375 0.675 0.8625 0.68125 0.8625 0.7 0.85625 0.7083333333333334 0.846875 0.7125 0.834375 0.7125 0.8234375 0.7083333333333334 0.8109375 0.69375 0.8109375 0.6770833333333334 0.8171875 0.66875 0.8234375 0.6645833333333333 0.840625 0.6645833333333333
0 0.834375 0.4083333333333333 0.840625 0.4125 0.84375 0.41875 0.84375 0.4354166666666667 0.840625 0.44166666666666665 0.825 0.45 0.8125 0.45 0.803125 0.44583333333333336 0.7953125 0.43333333333333335 0.7953125 0.42291666666666666 0.8015625 0.41458333333333336 0.815625 0.4041666666666667 0.8234375 0.4041666666666667 0.8328125 0.4083333333333333
0 0.846875 0.5708333333333333 0.859375 0.5833333333333334 0.8609375 0.5916666666666667 0.85625 0.60625 0.8453125 0.6125 0.8234375 0.6104166666666667 0.8140625 0.6041666666666666 0.8078125 0.5958333333333333 0.8078125 0.5854166666666667 0.8109375 0.5770833333333333 0.8171875 0.5708333333333333 0.8234375 0.56875 0.84375 0.56875 0.8453125 0.5708333333333333
0 0.5984375 0.5791666666666667 0.609375 0.5833333333333334 0.615625 0.5916666666666667 0.6171875 0.6083333333333333 0.6109375 0.61875 0.5953125 0.625 0.5828125 0.6208333333333333 0.5765625 0.6125 0.5734375 0.60625 0.5734375 0.59375 0.58125 0.5833333333333334 0.596875 0.5791666666666667
0 0.828125 0.26666666666666666 0.8359375 0.275 0.8375 0.28958333333333336 0.8328125 0.3020833333333333 0.8140625 0.3104166666666667 0.7984375 0.3104166666666667 0.7921875 0.30625 0.7875 0.29791666666666666 0.7890625 0.28125 0.7953125 0.27291666666666664 0.8078125 0.26458333333333334 0.825 0.26458333333333334 0.8265625 0.26666666666666666
0 0.428125 0.28958333333333336 0.4375 0.29375 0.446875 0.3104166666666667 0.446875 0.32083333333333336 0.44375 0.32708333333333334 0.4328125 0.3333333333333333 0.4203125 0.3333333333333333 0.4109375 0.32708333333333334 0.4046875 0.31875 0.4046875 0.30416666666666664 0.4078125 0.29791666666666666 0.4125 0.29375 0.4265625 0.28958333333333336
0 0.8296875 0.3229166666666667 0.8375 0.32708333333333334 0.8421875 0.3333333333333333 0.84375 0.34791666666666665 0.8328125 0.3625 0.8171875 0.36875 0.8109375 0.36875 0.7984375 0.3625 0.7921875 0.35208333333333336 0.7921875 0.34791666666666665 0.7953125 0.3375 0.8015625 0.32916666666666666 0.8140625 0.3229166666666667 0.828125 0.3229166666666667