0 0.2109375 0.3333333333333333 0.04375 0.041666666666666664
0 0.21484375 0.20416666666666666 0.046875 0.04583333333333333
0 0.20859375 0.4666666666666667 0.04375 0.03958333333333333
0 0.20625 0.525 0.04375 0.0375
0 0.79296875 0.47708333333333336 0.040625 0.0375
0 0.79375 0.409375 0.040625 0.03958333333333333
0 0.21171875 0.5927083333333333 0.04375 0.03958333333333333
0 0.40703125 0.7354166666666667 0.040625 0.041666666666666664
0 0.79453125 0.35208333333333336 0.040625 0.03958333333333333
0 0.196875 0.7354166666666667 0.046875 0.04375
0 0.79609375 0.5354166666666667 0.040625 0.0375
0 0.20390625 0.6645833333333333 0.046875 0.041666666666666664
0 0.60546875 0.34375 0.0375 0.03958333333333333
0 0.60703125 0.22083333333333333 0.040625 0.041666666666666664
0 0.7984375 0.6072916666666667 0.040625 0.0375
0 0.60390625 0.6 0.0375 0.035416666666666666
0 0.80234375 0.725 0.040625 0.03958333333333333
0 0.79375 0.2875 0.040625 0.041666666666666664
0 0.41328125 0.3416666666666667 0.040625 0.0375
0 0.4140625 0.471875 0.0375 0.0375
0 0.3453125 0.27291666666666664 0.040625 0.041666666666666664
0 0.41484375 0.21145833333333333 0.040625 0.04583333333333333
0 0.34609375 0.33958333333333335 0.040625 0.041666666666666664
0 0.60625 0.47291666666666665 0.0375 0.0375
0 0.41015625 0.6 0.0375 0.03333333333333333
0 0.33984375 0.6645833333333333 0.040625 0.0375
0 0.78984375 0.22916666666666666 0.04375 0.041666666666666664
0 0.671875 0.47708333333333336 0.040625 0.0375
0 0.7953125 0.6697916666666667 0.04375 0.03958333333333333
0 0.21015625 0.40208333333333335 0.04375 0.041666666666666664
0 0.60390625 0.7302083333333333 0.040625 0.03958333333333333
0 0.6671875 0.6677083333333333 0.0375 0.0375