0 0.38046875 0.3802083333333333 0.0265625 0.053125
0 0.27421875 0.5270833333333333 0.03125 0.051041666666666666
0 0.3015625 0.296875 0.0296875 0.053125
0 0.48046875 0.234375 0.0265625 0.05
0 0.3984375 0.8302083333333333 0.03046875 0.05520833333333333
0 0.45 0.08541666666666667 0.02578125 0.05416666666666667
0 0.49375 0.08020833333333334 0.02578125 0.053125
0 0.53125 0.08541666666666667 0.0265625 0.05416666666666667
0 0.671875 0.41354166666666664 0.03203125 0.057291666666666664
0 0.37265625 0.5489583333333333 0.0296875 0.051041666666666666
0 0.51796875 0.4083333333333333 0.0265625 0.053125
0 0.36015625 0.8239583333333333 0.0296875 0.057291666666666664
0 0.39921875 0.078125 0.0265625 0.053125
0 0.296875 0.8114583333333333 0.03359375 0.059375
0 0.45546875 0.6447916666666667 0.0296875 0.051041666666666666
0 0.45078125 0.8333333333333334 0.0296875 0.058333333333333334
0 0.478125 0.3177083333333333 0.0265625 0.05
0 0.6609375 0.5989583333333334 0.0328125 0.05416666666666667
0 0.49765625 0.8447916666666667 0.0296875 0.05520833333333333
0 0.2234375 0.057291666666666664 0.02890625 0.05520833333333333