0 0.54296875 0.690625 0.040625 0.041666666666666664
0 0.496875 0.81875 0.040625 0.04375
0 0.83984375 0.4739583333333333 0.04375 0.03958333333333333
0 0.721875 0.54375 0.040625 0.0375
0 0.84296875 0.525 0.040625 0.03958333333333333
0 0.26640625 0.6572916666666667 0.04375 0.041666666666666664
0 0.83984375 0.5875 0.04375 0.0375
0 0.84375 0.65625 0.040625 0.03958333333333333
0 0.58671875 0.28125 0.04375 0.04375
0 0.61328125 0.74375 0.040625 0.041666666666666664
0 0.61328125 0.8020833333333334 0.0375 0.041666666666666664
0 0.40703125 0.58125 0.0375 0.0375
0 0.65859375 0.5479166666666667 0.040625 0.0375
0 0.27109375 0.7083333333333334 0.04375 0.041666666666666664
0 0.25546875 0.5229166666666667 0.04375 0.041666666666666664
0 0.2625 0.584375 0.04375 0.041666666666666664
0 0.44296875 0.29791666666666666 0.04375 0.04583333333333333
0 0.69921875 0.925 0.040625 0.041666666666666664
0 0.8625 0.8416666666666667 0.025 0.041666666666666664
0 0.85390625 0.89375 0.040625 0.03958333333333333
0 0.6078125 0.98125 0.040625 0.0375
0 0.64765625 0.9166666666666666 0.040625 0.041666666666666664