0 0.25 0.5104166666666666 0.03125 0.05416666666666667
0 0.3515625 0.35520833333333335 0.028125 0.05416666666666667
0 0.465625 0.036458333333333336 0.0296875 0.058333333333333334
0 0.45234375 0.20104166666666667 0.0296875 0.05416666666666667
0 0.37265625 0.8135416666666667 0.03125 0.058333333333333334
0 0.3484375 0.43645833333333334 0.028125 0.05
0 0.5046875 0.040625 0.0296875 0.058333333333333334
0 0.4203125 0.042708333333333334 0.0296875 0.058333333333333334
0 0.33515625 0.8072916666666666 0.03125 0.058333333333333334
0 0.2875 0.515625 0.03125 0.05
0 0.6515625 0.378125 0.03125 0.05416666666666667
0 0.3671875 0.03854166666666667 0.028125 0.058333333333333334
0 0.4296875 0.6239583333333333 0.0296875 0.05
0 0.2609375 0.3541666666666667 0.03125 0.05416666666666667
0 0.45 0.2864583333333333 0.028125 0.05
0 0.47265625 0.8260416666666667 0.0296875 0.058333333333333334
0 0.425 0.8166666666666667 0.03125 0.058333333333333334
0 0.228125 0.016666666666666666 0.028125 0.03333333333333333
0 0.6390625 0.5729166666666666 0.03125 0.058333333333333334
0 0.18828125 0.029166666666666667 0.0296875 0.05416666666666667