0 0.5234375 0.171875 0.02734375 0.051041666666666666
0 0.52109375 0.25416666666666665 0.0265625 0.05
0 0.53125 0.09791666666666667 0.02578125 0.05416666666666667
0 0.4875 0.10416666666666667 0.02578125 0.05
0 0.4390625 0.10104166666666667 0.02734375 0.053125
0 0.3125 0.07291666666666667 0.02578125 0.051041666666666666
0 0.3328125 0.010416666666666666 0.02578125 0.020833333333333332
0 0.39921875 0.8177083333333334 0.0296875 0.05520833333333333
0 0.275 0.090625 0.025 0.04895833333333333
0 0.4515625 0.6270833333333333 0.02734375 0.04895833333333333
0 0.496875 0.65 0.028125 0.05
0 0.4421875 0.828125 0.02890625 0.05520833333333333
0 0.1640625 0.25729166666666664 0.02890625 0.05
0 0.50703125 0.5552083333333333 0.0265625 0.046875
0 0.5109375 0.40208333333333335 0.02734375 0.051041666666666666
0 0.49140625 0.8302083333333333 0.0296875 0.05520833333333333
0 0.2546875 0.28020833333333334 0.02890625 0.05
0 0.70234375 0.5114583333333333 0.034375 0.05416666666666667
0 0.26015625 0.34479166666666666 0.028125 0.04895833333333333
0 0.2125 0.390625 0.02890625 0.04895833333333333
0 0.2234375 0.6395833333333333 0.03046875 0.051041666666666666
0 0.5375 0.8427083333333333 0.03046875 0.05520833333333333