0 0.60625 0.33541666666666664 0.040625 0.0375
0 0.71484375 0.47291666666666665 0.040625 0.0375
0 0.47734375 0.3229166666666667 0.040625 0.0375
0 0.83359375 0.4354166666666667 0.040625 0.0375
0 0.496875 0.19791666666666666 0.040625 0.041666666666666664
0 0.8359375 0.49583333333333335 0.040625 0.0375
0 0.26953125 0.3020833333333333 0.04375 0.041666666666666664
0 0.8390625 0.36666666666666664 0.04375 0.0375
0 0.8296875 0.5479166666666667 0.040625 0.0375
0 0.57421875 0.7333333333333333 0.04375 0.041666666666666664
0 0.2828125 0.215625 0.04375 0.04375
0 0.26171875 0.35104166666666664 0.040625 0.03958333333333333
0 0.61171875 0.21458333333333332 0.040625 0.03958333333333333
0 0.40078125 0.43333333333333335 0.0375 0.0375
0 0.2484375 0.48541666666666666 0.04375 0.03958333333333333
0 0.2578125 0.425 0.04375 0.041666666666666664
0 0.653125 0.46875 0.040625 0.0375
0 0.8625 0.18125 0.025 0.0375
0 0.42890625 0.7145833333333333 0.040625 0.04583333333333333
0 0.85625 0.12708333333333333 0.0375 0.0375