0 0.690625 0.2708333333333333 0.696875 0.2791666666666667 0.6984375 0.28541666666666665 0.6984375 0.30416666666666664 0.6953125 0.3125 0.6875 0.3229166666666667 0.68125 0.32708333333333334 0.6765625 0.32708333333333334 0.66875 0.31875 0.665625 0.3104166666666667 0.665625 0.29791666666666666 0.6734375 0.275 0.6828125 0.26875 0.6890625 0.2708333333333333
0 0.41015625 0.896875 0.0328125 0.065625
0 0.678125 0.014583333333333334 0.6828125 0.016666666666666666 0.6890625 0.025 0.690625 0.029166666666666667 0.690625 0.04791666666666667 0.6828125 0.06875 0.675 0.07708333333333334 0.671875 0.07708333333333334 0.6625 0.06875 0.659375 0.06041666666666667 0.659375 0.04375 0.6640625 0.025 0.6703125 0.016666666666666666 0.6765625 0.014583333333333334
0 0.478125 0.29583333333333334 0.4859375 0.3145833333333333 0.4859375 0.33125 0.48125 0.34375 0.475 0.35 0.46875 0.35 0.4609375 0.3416666666666667 0.45625 0.31666666666666665 0.4609375 0.3020833333333333 0.465625 0.29583333333333334 0.4765625 0.29583333333333334
0 0.6953125 0.85625 0.7 0.8583333333333333 0.709375 0.8708333333333333 0.7125 0.8791666666666667 0.7125 0.9041666666666667 0.7046875 0.91875 0.6921875 0.91875 0.6875 0.9145833333333333 0.678125 0.8916666666666667 0.6796875 0.8666666666666667 0.6859375 0.8583333333333333 0.69375 0.85625
0 0.6859375 0.5791666666666667 0.69375 0.5875 0.6984375 0.6 0.696875 0.6208333333333333 0.6859375 0.6354166666666666 0.6796875 0.6354166666666666 0.6734375 0.63125 0.6640625 0.6145833333333334 0.6640625 0.6 0.6671875 0.5916666666666667 0.6765625 0.5791666666666667 0.684375 0.5791666666666667
0 0.3171875 0.022916666666666665 0.3234375 0.025 0.33125 0.0375 0.334375 0.05416666666666667 0.334375 0.06458333333333334 0.33125 0.075 0.3265625 0.08125 0.315625 0.08125 0.309375 0.07291666666666667 0.303125 0.05625 0.3046875 0.035416666666666666 0.3078125 0.029166666666666667 0.315625 0.025
0 0.475 0.6666666666666666 0.48125 0.6791666666666667 0.48125 0.6979166666666666 0.478125 0.70625 0.471875 0.7145833333333333 0.4671875 0.7166666666666667 0.4609375 0.7145833333333333 0.4546875 0.7041666666666667 0.453125 0.6833333333333333 0.4609375 0.6666666666666666 0.4640625 0.6645833333333333 0.471875 0.6645833333333333 0.4734375 0.6666666666666666
0 0.3671875 0.5958333333333333 0.03203125 0.05520833333333333
0 0.51875 0.8625 0.528125 0.8708333333333333 0.5328125 0.8875 0.5328125 0.9020833333333333 0.5296875 0.9166666666666666 0.525 0.9229166666666667 0.51875 0.925 0.5078125 0.91875 0.503125 0.9020833333333333 0.5046875 0.8770833333333333 0.509375 0.8666666666666667 0.5171875 0.8625
0 0.271875 0.8625 0.2765625 0.8729166666666667 0.2765625 0.89375 0.2671875 0.9145833333333333 0.2640625 0.91875 0.2546875 0.9229166666666667 0.246875 0.91875 0.240625 0.9 0.24375 0.8770833333333333 0.2578125 0.8583333333333333 0.26875 0.8583333333333333 0.2703125 0.8625
0 0.4109375 0.03333333333333333 0.415625 0.029166666666666667 0.4234375 0.029166666666666667 0.428125 0.03333333333333333 0.434375 0.05 0.434375 0.075 0.4328125 0.07916666666666666 0.425 0.08958333333333333 0.4171875 0.08958333333333333 0.409375 0.07916666666666666 0.40625 0.06458333333333334 0.40625 0.04375 0.4109375 0.035416666666666666
0 0.4734375 0.027083333333333334 0.48125 0.035416666666666666 0.484375 0.05 0.484375 0.06875 0.4796875 0.08125 0.4703125 0.0875 0.4640625 0.08541666666666667 0.4578125 0.075 0.45625 0.04375 0.4625 0.029166666666666667 0.471875 0.027083333333333334
0 0.309375 0.2125 0.3140625 0.20833333333333334 0.325 0.20833333333333334 0.33125 0.21666666666666667 0.3375 0.2375 0.3359375 0.2520833333333333 0.3328125 0.2604166666666667 0.328125 0.26458333333333334 0.3171875 0.26458333333333334 0.3109375 0.25625 0.3046875 0.2375 0.3046875 0.225 0.309375 0.21458333333333332
0 0.6484375 0.85625 0.653125 0.8583333333333333 0.659375 0.8666666666666667 0.6640625 0.8833333333333333 0.6625 0.8875 0.6640625 0.8895833333333333 0.6625 0.9083333333333333 0.653125 0.9208333333333333 0.640625 0.91875 0.63125 0.8958333333333334 0.63125 0.8708333333333333 0.6328125 0.8666666666666667 0.6375 0.8583333333333333 0.646875 0.85625
0 0.5640625 0.38333333333333336 0.5765625 0.38333333333333336 0.58125 0.3875 0.5859375 0.4041666666666667 0.5859375 0.41458333333333336 0.5796875 0.43125 0.571875 0.4375 0.5640625 0.4354166666666667 0.559375 0.43125 0.5546875 0.41875 0.5546875 0.4083333333333333 0.5578125 0.39375 0.5640625 0.3854166666666667
0 0.3734375 0.029166666666666667 0.38125 0.04791666666666667 0.38125 0.07291666666666667 0.3734375 0.08541666666666667 0.3625 0.08541666666666667 0.359375 0.08125 0.353125 0.06458333333333334 0.3515625 0.05416666666666667 0.353125 0.03958333333333333 0.359375 0.029166666666666667 0.3625 0.027083333333333334 0.3703125 0.027083333333333334 0.371875 0.029166666666666667
0 0.271875 0.325 0.034375 0.05520833333333333
0 0.265625 0.56875 0.26875 0.5708333333333333 0.2734375 0.58125 0.2734375 0.6020833333333333 0.2703125 0.6104166666666667 0.2625 0.61875 0.246875 0.61875 0.240625 0.6104166666666667 0.2390625 0.5833333333333334 0.2421875 0.575 0.2515625 0.5666666666666667 0.2625 0.5666666666666667 0.2640625 0.56875
0 0.57890625 0.5927083333333333 0.0328125 0.057291666666666664
0 0.475 0.5625 0.48125 0.5791666666666667 0.48125 0.5895833333333333 0.4796875 0.5979166666666667 0.471875 0.6104166666666667 0.4625 0.6104166666666667 0.453125 0.5958333333333333 0.4515625 0.5854166666666667 0.453125 0.575 0.459375 0.5625 0.465625 0.5583333333333333 0.4703125 0.5583333333333333 0.4734375 0.5625
0 0.471875 0.8604166666666667 0.48125 0.8729166666666667 0.4828125 0.89375 0.4796875 0.9125 0.4765625 0.91875 0.4703125 0.9229166666666667 0.459375 0.9208333333333333 0.453125 0.90625 0.453125 0.8833333333333333 0.45625 0.8708333333333333 0.4625 0.8625 0.4703125 0.8604166666666667
0 0.2765625 0.03125 0.28125 0.0375 0.2875 0.058333333333333334 0.2875 0.07291666666666667 0.284375 0.08125 0.278125 0.0875 0.265625 0.08541666666666667 0.25625 0.06458333333333334 0.25625 0.04583333333333333 0.259375 0.035416666666666666 0.265625 0.029166666666666667 0.2734375 0.029166666666666667 0.275 0.03125
0 0.5765625 0.19791666666666666 0.5828125 0.20416666666666666 0.5859375 0.2125 0.5875 0.23125 0.58125 0.24791666666666667 0.575 0.25625 0.5671875 0.25625 0.5625 0.2520833333333333 0.5578125 0.23958333333333334 0.5578125 0.21875 0.5609375 0.20625 0.565625 0.2 0.575 0.19791666666666666
0 0.584375 0.8625 0.5921875 0.8729166666666667 0.596875 0.8916666666666667 0.5953125 0.9104166666666667 0.5921875 0.91875 0.584375 0.9270833333333334 0.578125 0.9270833333333334 0.5734375 0.9229166666666667 0.565625 0.9020833333333333 0.5671875 0.8729166666666667 0.575 0.8625 0.5828125 0.8625
0 0.6390625 0.6604166666666667 0.646875 0.6666666666666666 0.6515625 0.6770833333333334 0.653125 0.6875 0.6515625 0.7041666666666667 0.6453125 0.7145833333333333 0.640625 0.7166666666666667 0.6296875 0.7145833333333333 0.6234375 0.70625 0.61875 0.6895833333333333 0.61875 0.68125 0.621875 0.6708333333333333 0.628125 0.6625 0.6375 0.6604166666666667
0 0.521875 0.025 0.5296875 0.03333333333333333 0.5328125 0.041666666666666664 0.53125 0.07083333333333333 0.5234375 0.08541666666666667 0.5125 0.08541666666666667 0.5046875 0.07083333333333333 0.5046875 0.041666666666666664 0.50625 0.035416666666666666 0.515625 0.025 0.5203125 0.025
0 0.3203125 0.8583333333333333 0.328125 0.8666666666666667 0.33125 0.875 0.33125 0.8895833333333333 0.325 0.9104166666666667 0.3171875 0.9208333333333333 0.303125 0.91875 0.2984375 0.9083333333333333 0.296875 0.8958333333333334 0.2984375 0.89375 0.2984375 0.8833333333333333 0.303125 0.8708333333333333 0.3140625 0.8583333333333333 0.31875 0.8583333333333333
0 0.6296875 0.21979166666666666 0.03359375 0.0625
0 0.5765625 0.025 0.58125 0.029166666666666667 0.584375 0.0375 0.5859375 0.05625 0.58125 0.07708333333333334 0.5734375 0.08541666666666667 0.565625 0.08541666666666667 0.5578125 0.07708333333333334 0.55625 0.04791666666666667 0.5625 0.029166666666666667 0.5671875 0.025 0.575 0.025
0 0.3703125 0.37916666666666665 0.3796875 0.39375 0.38125 0.41458333333333336 0.3765625 0.4270833333333333 0.36875 0.4354166666666667 0.35625 0.4270833333333333 0.3484375 0.41458333333333336 0.35 0.4125 0.35 0.39791666666666664 0.353125 0.3875 0.3609375 0.37916666666666665 0.36875 0.37916666666666665
0 0.3625 0.8666666666666667 0.3671875 0.8625 0.375 0.8625 0.3828125 0.8708333333333333 0.384375 0.8770833333333333 0.384375 0.8979166666666667 0.3796875 0.91875 0.3703125 0.925 0.3625 0.925 0.3546875 0.9166666666666666 0.353125 0.9104166666666667 0.353125 0.8875 0.3546875 0.88125 0.3625 0.86875