0 0.53125 0.190625 0.025 0.05
0 0.321875 0.08333333333333333 0.025 0.05
0 0.5390625 0.11770833333333333 0.025 0.04583333333333333
0 0.284375 0.10104166666666667 0.025 0.05
0 0.34375 0.016666666666666666 0.025 0.03333333333333333
0 0.4984375 0.121875 0.025 0.05
0 0.5328125 0.259375 0.0265625 0.05
0 0.16796875 0.2604166666666667 0.0296875 0.05
0 0.459375 0.7229166666666667 0.028125 0.05416666666666667
0 0.5 0.7270833333333333 0.028125 0.05
0 0.26875 0.475 0.028125 0.05
0 0.30078125 0.17604166666666668 0.0265625 0.04583333333333333
0 0.2265625 0.6447916666666667 0.03125 0.05416666666666667
0 0.21796875 0.39479166666666665 0.0296875 0.05
0 0.48046875 0.03229166666666667 0.025 0.05
0 0.7109375 0.43854166666666666 0.03125 0.05
0 0.26171875 0.2864583333333333 0.0265625 0.05
0 0.2671875 0.35104166666666664 0.028125 0.05
0 0.496875 0.8229166666666666 0.028125 0.05416666666666667
0 0.5640625 0.4166666666666667 0.028125 0.04583333333333333
0 0.5453125 0.007291666666666667 0.021875 0.014583333333333334
0 0.59765625 0.007291666666666667 0.0234375 0.014583333333333334