0 0.571875 0.9614583333333333 0.0296875 0.058333333333333334
0 0.534375 0.8697916666666666 0.028125 0.058333333333333334
0 0.82734375 0.775 0.03125 0.05416666666666667
0 0.7890625 0.8864583333333333 0.03125 0.058333333333333334
0 0.53125 0.7895833333333333 0.0296875 0.058333333333333334
0 0.4375 0.775 0.0296875 0.05416666666666667
0 0.815625 0.5427083333333333 0.0328125 0.05416666666666667
0 0.84375 0.7197916666666667 0.03125 0.05416666666666667
0 0.4984375 0.6114583333333333 0.0296875 0.05416666666666667
0 0.9296875 0.7822916666666667 0.0328125 0.05416666666666667
0 0.85546875 0.3541666666666667 0.034375 0.05416666666666667
0 0.8734375 0.6302083333333334 0.0328125 0.05416666666666667
0 0.6140625 0.16145833333333334 0.03125 0.058333333333333334
0 0.76875 0.9833333333333333 0.0296875 0.03333333333333333
0 0.5171875 0.24479166666666666 0.03125 0.05416666666666667
0 0.81875 0.6958333333333333 0.03125 0.05416666666666667
0 0.80859375 0.971875 0.03125 0.05416666666666667
0 0.5625 0.246875 0.03125 0.05416666666666667