0 0.365625 0.4 0.03046875 0.053125
0 0.465625 0.128125 0.03046875 0.059375
0 0.3671875 0.7395833333333334 0.03046875 0.05416666666666667
0 0.559375 0.828125 0.02890625 0.057291666666666664
0 0.365625 0.6541666666666667 0.02890625 0.053125
0 0.5171875 0.9135416666666667 0.03046875 0.057291666666666664
0 0.4203125 0.4875 0.0265625 0.046875
0 0.765625 0.390625 0.03515625 0.058333333333333334
0 0.46640625 0.6520833333333333 0.0265625 0.051041666666666666
0 0.56328125 0.9072916666666667 0.0296875 0.057291666666666664
0 0.665625 0.11770833333333333 0.0328125 0.059375
0 0.509375 0.29791666666666666 0.02890625 0.05416666666666667
0 0.7609375 0.6572916666666667 0.0328125 0.05520833333333333
0 0.61171875 0.121875 0.03125 0.058333333333333334
0 0.5140625 0.8302083333333333 0.028125 0.05520833333333333
0 0.559375 0.7458333333333333 0.02890625 0.05520833333333333
0 0.659375 0.9166666666666666 0.03125 0.058333333333333334
0 0.7078125 0.9177083333333333 0.03203125 0.058333333333333334
0 0.5125 0.23541666666666666 0.02890625 0.05416666666666667
0 0.46328125 0.48020833333333335 0.0265625 0.046875
0 0.56015625 0.5708333333333333 0.0296875 0.053125
0 0.7078125 0.8354166666666667 0.03125 0.057291666666666664
0 0.6109375 0.6552083333333333 0.02890625 0.053125