0 0.72109375 0.9583333333333334 0.0375 0.03958333333333333
0 0.55859375 0.81875 0.0375 0.041666666666666664
0 0.61953125 0.8895833333333333 0.0375 0.041666666666666664
0 0.4265625 0.8729166666666667 0.040625 0.04375
0 0.79609375 0.459375 0.040625 0.0375
0 0.7328125 0.4625 0.040625 0.0375
0 0.70625 0.8333333333333334 0.040625 0.0375
0 0.8484375 0.5083333333333333 0.040625 0.035416666666666666
0 0.7953125 0.78125 0.0375 0.0375
0 0.85234375 0.8041666666666667 0.0375 0.0375
0 0.60390625 0.2 0.04375 0.04583333333333333
0 0.85 0.5770833333333333 0.040625 0.0375
0 0.43984375 0.55625 0.0375 0.0375
0 0.65703125 0.8260416666666667 0.0375 0.03958333333333333
0 0.8546875 0.44895833333333335 0.040625 0.0375
0 0.86171875 0.7552083333333334 0.0265625 0.035416666666666666
0 0.615625 0.4114583333333333 0.040625 0.03958333333333333
0 0.49609375 0.48125 0.040625 0.0375
0 0.42265625 0.49583333333333335 0.0375 0.0375
0 0.3703125 0.55625 0.040625 0.041666666666666664
0 0.36640625 0.48854166666666665 0.040625 0.03958333333333333