0 0.55 0.11770833333333333 0.02734375 0.05520833333333333
0 0.55078125 0.19270833333333334 0.0296875 0.05520833333333333
0 0.51640625 0.030208333333333334 0.028125 0.05520833333333333
0 0.16953125 0.17291666666666666 0.0296875 0.051041666666666666
0 0.446875 0.7927083333333333 0.02890625 0.05520833333333333
0 0.4859375 0.8010416666666667 0.03125 0.059375
0 0.64375 0.21145833333333333 0.03125 0.057291666666666664
0 0.2484375 0.23645833333333333 0.02578125 0.04895833333333333
0 0.2671875 0.190625 0.02890625 0.053125
0 0.30625 0.090625 0.02890625 0.053125
0 0.2921875 0.016666666666666666 0.02734375 0.03333333333333333
0 0.26796875 0.40520833333333334 0.0296875 0.053125
0 0.2171875 0.3177083333333333 0.02890625 0.05
0 0.22109375 0.5791666666666667 0.03125 0.053125
0 0.2703125 0.2635416666666667 0.028125 0.053125
0 0.5125 0.6114583333333333 0.02890625 0.05416666666666667
0 0.57734375 0.36666666666666664 0.0296875 0.05520833333333333
0 0.33125 0.009375 0.025 0.017708333333333333