0 0.40703125 0.26458333333333334 0.040625 0.041666666666666664
0 0.20859375 0.5333333333333333 0.04375 0.03958333333333333
0 0.41484375 0.7885416666666667 0.040625 0.04375
0 0.20546875 0.47291666666666665 0.04375 0.0375
0 0.21171875 0.6666666666666666 0.04375 0.041666666666666664
0 0.79609375 0.46458333333333335 0.04375 0.03958333333333333
0 0.60703125 0.7791666666666667 0.040625 0.041666666666666664
0 0.47734375 0.5322916666666667 0.0375 0.0375
0 0.20390625 0.40625 0.046875 0.041666666666666664
0 0.79296875 0.5229166666666667 0.040625 0.0375
0 0.79609375 0.646875 0.040625 0.03958333333333333
0 0.603125 0.4 0.0375 0.0375
0 0.73359375 0.5208333333333334 0.040625 0.0375
0 0.66953125 0.2635416666666667 0.040625 0.041666666666666664
0 0.67265625 0.5229166666666667 0.040625 0.0375
0 0.60390625 0.2604166666666667 0.040625 0.03958333333333333
0 0.73125 0.46041666666666664 0.040625 0.0375
0 0.79609375 0.709375 0.040625 0.03958333333333333
0 0.73671875 0.7104166666666667 0.040625 0.041666666666666664
0 0.22109375 0.734375 0.04375 0.04375
0 0.475 0.39791666666666664 0.0375 0.035416666666666666
0 0.27578125 0.46979166666666666 0.04375 0.03958333333333333
0 0.54140625 0.5270833333333333 0.0375 0.0375
0 0.33828125 0.40208333333333335 0.040625 0.0375
0 0.21015625 0.5979166666666667 0.04375 0.0375
0 0.28203125 0.6 0.04375 0.041666666666666664
0 0.34375 0.46770833333333334 0.040625 0.03958333333333333