0 0.48125 0.9427083333333334 0.025 0.05
0 0.609375 0.9489583333333333 0.025 0.05
0 0.64375 0.4270833333333333 0.03125 0.05
0 0.43203125 0.9385416666666667 0.0265625 0.05416666666666667
0 0.559375 0.9427083333333334 0.025 0.05
0 0.740625 0.9770833333333333 0.028125 0.04583333333333333
0 0.5171875 0.9458333333333333 0.025 0.05
0 0.6453125 0.234375 0.03125 0.05416666666666667
0 0.60859375 0.23020833333333332 0.028125 0.05416666666666667
0 0.7078125 0.25104166666666666 0.03125 0.058333333333333334
0 0.55625 0.22708333333333333 0.028125 0.05416666666666667
0 0.509375 0.21979166666666666 0.028125 0.05416666666666667
0 0.3515625 0.5447916666666667 0.03125 0.05416666666666667
0 0.45546875 0.20729166666666668 0.0296875 0.05416666666666667
0 0.53125 0.6552083333333333 0.0265625 0.05
0 0.534375 0.5072916666666667 0.028125 0.04583333333333333
0 0.7796875 0.9614583333333333 0.0265625 0.05
0 0.9 0.7958333333333333 0.03125 0.05416666666666667
0 0.803125 0.7739583333333333 0.03125 0.05416666666666667
0 0.79765625 0.709375 0.0296875 0.05
0 0.846875 0.6604166666666667 0.03125 0.05