0 0.7265625 0.4354166666666667 0.040625 0.0375
0 0.59453125 0.7052083333333333 0.04375 0.04375
0 0.84609375 0.38958333333333334 0.04375 0.0375
0 0.26015625 0.33125 0.046875 0.041666666666666664
0 0.66171875 0.43333333333333335 0.040625 0.0375
0 0.26328125 0.2791666666666667 0.046875 0.04375
0 0.84765625 0.50625 0.04375 0.03958333333333333
0 0.446875 0.6895833333333333 0.040625 0.04375
0 0.85 0.45208333333333334 0.04375 0.03958333333333333
0 0.8484375 0.31979166666666664 0.04375 0.03958333333333333
0 0.25234375 0.4666666666666667 0.04375 0.041666666666666664
0 0.6015625 0.008333333333333333 0.040625 0.016666666666666666
0 0.61015625 0.2375 0.040625 0.041666666666666664
0 0.69609375 0.053125 0.040625 0.041666666666666664
0 0.25859375 0.4041666666666667 0.046875 0.041666666666666664
0 0.2421875 0.5416666666666666 0.04375 0.041666666666666664
0 0.540625 0.29270833333333335 0.040625 0.041666666666666664
0 0.46796875 0.4239583333333333 0.040625 0.041666666666666664
0 0.6421875 0.0625 0.040625 0.041666666666666664
0 0.73359375 0.19375 0.040625 0.041666666666666664
0 0.86328125 0.13229166666666667 0.0234375 0.03958333333333333
0 0.85390625 0.07916666666666666 0.040625 0.041666666666666664