0 0.1875 0.28541666666666665 0.034375 0.03333333333333333
0 0.20390625 0.5166666666666667 0.034375 0.03333333333333333
0 0.3203125 0.08958333333333333 0.034375 0.03333333333333333
0 0.60234375 0.38333333333333336 0.0375 0.041666666666666664
0 0.3140625 0.5625 0.0375 0.0375
0 0.13828125 0.31666666666666665 0.0265625 0.03333333333333333
0 0.47734375 0.21041666666666667 0.0375 0.0375
0 0.26171875 0.5604166666666667 0.0375 0.03333333333333333
0 0.69765625 0.50625 0.040625 0.0375
0 0.32265625 0.6833333333333333 0.040625 0.041666666666666664
0 0.203125 0.23958333333333334 0.034375 0.03333333333333333
0 0.75 0.43020833333333336 0.04375 0.041666666666666664
0 0.25546875 0.25833333333333336 0.034375 0.03333333333333333
0 0.37734375 0.21458333333333332 0.034375 0.03333333333333333
0 0.32578125 0.20833333333333334 0.034375 0.03333333333333333
0 0.36171875 0.18645833333333334 0.034375 0.035416666666666666
0 0.41875 0.14791666666666667 0.034375 0.0375
0 0.14375 0.49375 0.0375 0.035416666666666666
0 0.60234375 0.15 0.0375 0.041666666666666664
0 0.434375 0.6020833333333333 0.0375 0.0375