0 0.4203125 0.03229166666666667 0.02890625 0.05520833333333333
0 0.5046875 0.028125 0.03046875 0.05520833333333333
0 0.3078125 0.33645833333333336 0.03125 0.05416666666666667
0 0.46640625 0.028125 0.028125 0.05520833333333333
0 0.34140625 0.5135416666666667 0.03125 0.051041666666666666
0 0.36875 0.029166666666666667 0.03125 0.058333333333333334
0 0.45234375 0.18645833333333334 0.028125 0.057291666666666664
0 0.271875 0.17916666666666667 0.03046875 0.05520833333333333
0 0.6515625 0.36041666666666666 0.03203125 0.057291666666666664
0 0.3734375 0.7989583333333333 0.03046875 0.057291666666666664
0 0.4734375 0.8114583333333333 0.0296875 0.057291666666666664
0 0.33359375 0.796875 0.03125 0.057291666666666664
0 0.4265625 0.8041666666666667 0.03046875 0.058333333333333334
0 0.4484375 0.5104166666666666 0.02734375 0.051041666666666666
0 0.53046875 0.8239583333333333 0.03125 0.059375
0 0.6390625 0.5552083333333333 0.03203125 0.05520833333333333
0 0.2296875 0.0125 0.02890625 0.025
0 0.0703125 0.20416666666666666 0.03125 0.05520833333333333
0 0.1890625 0.022916666666666665 0.03046875 0.04583333333333333
0 0.16875 0.228125 0.03125 0.05520833333333333
0 0.125 0.35104166666666664 0.03203125 0.05416666666666667
0 0.175 0.29583333333333334 0.03125 0.053125