0 0.3484375 0.7291666666666666 0.3453125 0.7166666666666667 0.3484375 0.70625 0.3578125 0.6958333333333333 0.371875 0.6916666666666667 0.384375 0.69375 0.390625 0.7020833333333333 0.3921875 0.7145833333333333 0.3875 0.725 0.3765625 0.7375 0.3703125 0.7395833333333334 0.36875 0.7375 0.3578125 0.7375 0.3515625 0.7333333333333333 0.35 0.7291666666666666
0 0.678125 0.3625 0.6875 0.375 0.6875 0.38958333333333334 0.6796875 0.4 0.671875 0.4041666666666667 0.6609375 0.4041666666666667 0.6515625 0.4 0.6453125 0.39166666666666666 0.6453125 0.37916666666666665 0.6578125 0.3625 0.6640625 0.36041666666666666 0.6765625 0.3625
0 0.58125 0.07916666666666666 0.5875 0.08333333333333333 0.5921875 0.09166666666666666 0.5921875 0.11041666666666666 0.590625 0.11666666666666667 0.5859375 0.12291666666666666 0.575 0.12916666666666668 0.5671875 0.12916666666666668 0.5578125 0.125 0.5515625 0.11458333333333333 0.55 0.09791666666666667 0.5515625 0.08958333333333333 0.5625 0.07916666666666666 0.5703125 0.07708333333333334 0.5796875 0.07916666666666666
0 0.315625 0.39791666666666664 0.325 0.41041666666666665 0.325 0.42083333333333334 0.31875 0.42916666666666664 0.3046875 0.4354166666666667 0.2859375 0.42916666666666664 0.2796875 0.41875 0.2796875 0.4083333333333333 0.2828125 0.4 0.290625 0.39375 0.3 0.39166666666666666 0.3140625 0.39791666666666664
0 0.3765625 0.39375 0.390625 0.4 0.3984375 0.4125 0.3984375 0.41875 0.39375 0.42916666666666664 0.3859375 0.4354166666666667 0.3671875 0.4354166666666667 0.3546875 0.42291666666666666 0.3546875 0.4083333333333333 0.3578125 0.40208333333333335 0.3640625 0.3958333333333333 0.375 0.39375
0 0.1578125 0.21041666666666667 0.1703125 0.21875 0.178125 0.23125 0.178125 0.2375 0.175 0.24375 0.165625 0.2520833333333333 0.1515625 0.2520833333333333 0.1421875 0.24791666666666667 0.1359375 0.24375 0.13125 0.23333333333333334 0.1328125 0.21875 0.1390625 0.2125 0.1421875 0.21041666666666667 0.15625 0.21041666666666667
0 0.625 0.675 0.634375 0.68125 0.640625 0.6895833333333333 0.64375 0.7 0.640625 0.7125 0.634375 0.7208333333333333 0.6296875 0.7229166666666667 0.6125 0.7229166666666667 0.6015625 0.7145833333333333 0.596875 0.7020833333333333 0.5984375 0.6916666666666667 0.60625 0.6791666666666667 0.6125 0.675 0.6234375 0.675
0 0.840625 0.21666666666666667 0.85 0.225 0.8515625 0.23958333333333334 0.846875 0.25 0.8390625 0.25833333333333336 0.828125 0.2625 0.8140625 0.2625 0.8046875 0.25833333333333336 0.8015625 0.25416666666666665 0.8 0.24166666666666667 0.8046875 0.22916666666666666 0.815625 0.21666666666666667 0.8203125 0.21458333333333332 0.8375 0.21458333333333332 0.8390625 0.21666666666666667
0 0.83203125 0.3770833333333333 0.053125 0.04791666666666667
0 0.85 0.4270833333333333 0.859375 0.43125 0.86875 0.4479166666666667 0.8625 0.46458333333333335 0.8453125 0.4708333333333333 0.8328125 0.4708333333333333 0.8234375 0.4666666666666667 0.815625 0.45416666666666666 0.815625 0.44375 0.83125 0.4270833333333333 0.8359375 0.425 0.8484375 0.4270833333333333
0 0.83125 0.14166666666666666 0.840625 0.15208333333333332 0.8421875 0.16458333333333333 0.834375 0.17916666666666667 0.8234375 0.1875 0.8125 0.19166666666666668 0.7984375 0.1875 0.7921875 0.17916666666666667 0.7921875 0.16458333333333333 0.8015625 0.14791666666666667 0.8109375 0.14166666666666666 0.8171875 0.13958333333333334 0.8296875 0.14166666666666666
0 0.1734375 0.26666666666666666 0.18125 0.27291666666666664 0.1875 0.2833333333333333 0.1875 0.29375 0.175 0.30625 0.1640625 0.30625 0.153125 0.3020833333333333 0.1453125 0.29583333333333334 0.140625 0.28541666666666665 0.1421875 0.275 0.1515625 0.26458333333333334 0.165625 0.2625 0.171875 0.26666666666666666
0 0.596875 0.23125 0.60625 0.24166666666666667 0.60625 0.25833333333333336 0.603125 0.2625 0.603125 0.26666666666666666 0.59375 0.275 0.5765625 0.275 0.5703125 0.2708333333333333 0.5640625 0.2604166666666667 0.5640625 0.2520833333333333 0.5671875 0.23958333333333334 0.571875 0.23333333333333334 0.5796875 0.22916666666666666 0.5953125 0.23125
0 0.371875 0.11666666666666667 0.378125 0.12083333333333333 0.3875 0.13541666666666666 0.3875 0.15 0.384375 0.15625 0.3734375 0.1625 0.3578125 0.16041666666666668 0.3453125 0.14375 0.3453125 0.13125 0.3515625 0.12083333333333333 0.359375 0.11666666666666667 0.3703125 0.11666666666666667
0 0.4625 0.45625 0.46875 0.46041666666666664 0.471875 0.4666666666666667 0.4734375 0.4791666666666667 0.471875 0.48541666666666666 0.465625 0.49375 0.4609375 0.49583333333333335 0.4421875 0.49375 0.4328125 0.48333333333333334 0.4328125 0.46875 0.4375 0.46041666666666664 0.4484375 0.45416666666666666 0.4609375 0.45625
0 0.8421875 0.2708333333333333 0.85 0.275 0.85625 0.2833333333333333 0.8578125 0.29375 0.853125 0.30625 0.834375 0.31875 0.81875 0.31875 0.8125 0.3145833333333333 0.8078125 0.30833333333333335 0.8046875 0.29791666666666666 0.8109375 0.2833333333333333 0.81875 0.275 0.840625 0.2708333333333333
0 0.1734375 0.34375 0.184375 0.35 0.190625 0.35833333333333334 0.190625 0.37083333333333335 0.1875 0.3770833333333333 0.178125 0.38333333333333336 0.15625 0.38125 0.1453125 0.3729166666666667 0.14375 0.36875 0.1453125 0.35208333333333336 0.1515625 0.3458333333333333 0.1546875 0.34375 0.171875 0.34375
0 0.6765625 0.5166666666666667 0.690625 0.525 0.696875 0.5354166666666667 0.696875 0.54375 0.6875 0.55625 0.6796875 0.5604166666666667 0.6703125 0.5604166666666667 0.6609375 0.55625 0.6515625 0.5395833333333333 0.65625 0.525 0.675 0.5166666666666667
0 0.159375 0.41041666666666665 0.178125 0.41875 0.184375 0.42916666666666664 0.184375 0.4375 0.1765625 0.4479166666666667 0.16875 0.45208333333333334 0.1484375 0.45 0.1359375 0.4375 0.1359375 0.4270833333333333 0.1421875 0.4166666666666667 0.153125 0.41041666666666665 0.1578125 0.41041666666666665
0 0.165625 0.4708333333333333 0.18125 0.47708333333333336 0.1859375 0.48333333333333334 0.1875 0.49166666666666664 0.184375 0.5020833333333333 0.175 0.5104166666666666 0.1671875 0.5125 0.1484375 0.5104166666666666 0.1390625 0.5 0.1390625 0.48541666666666666 0.1453125 0.475 0.153125 0.4708333333333333 0.1640625 0.4708333333333333
0 0.4375 0.23958333333333334 0.4484375 0.24583333333333332 0.45625 0.2604166666666667 0.45625 0.27291666666666664 0.45 0.28125 0.4421875 0.28541666666666665 0.4265625 0.2833333333333333 0.4171875 0.275 0.4140625 0.26666666666666666 0.4140625 0.25625 0.421875 0.24375 0.4359375 0.23958333333333334
0 0.3765625 0 0.4171875 0 0.41875 0.004166666666666667 0.4171875 0.014583333333333334 0.4109375 0.022916666666666665 0.403125 0.027083333333333334 0.3953125 0.027083333333333334 0.3890625 0.025 0.3765625 0.00625 0.3765625 0.0020833333333333333