0 0.575 0.32083333333333336 0.040625 0.041666666666666664
0 0.31953125 0.3229166666666667 0.040625 0.041666666666666664
0 0.25390625 0.5791666666666667 0.040625 0.0375
0 0.77890625 0.45416666666666666 0.04375 0.041666666666666664
0 0.18984375 0.5239583333333333 0.04375 0.03958333333333333
0 0.58203125 0.8541666666666666 0.040625 0.04791666666666667
0 0.384375 0.321875 0.040625 0.03958333333333333
0 0.19453125 0.584375 0.04375 0.03958333333333333
0 0.38203125 0.8479166666666667 0.040625 0.04375
0 0.509375 0.39375 0.034375 0.035416666666666666
0 0.38515625 0.4552083333333333 0.0375 0.035416666666666666
0 0.65234375 0.5125 0.040625 0.0375
0 0.78671875 0.7197916666666667 0.04375 0.04375
0 0.315625 0.5791666666666667 0.040625 0.0375
0 0.646875 0.5833333333333334 0.040625 0.0375
0 0.71484375 0.58125 0.040625 0.0375
0 0.1875 0.7125 0.04375 0.041666666666666664
0 0.18671875 0.7770833333333333 0.04375 0.041666666666666664
0 0.2484375 0.7770833333333333 0.04375 0.041666666666666664
0 0.6984375 0.5166666666666667 0.040625 0.0375
0 0.44296875 0.5875 0.040625 0.0375
0 0.5140625 0.45208333333333334 0.0375 0.03333333333333333
0 0.38125 0.7135416666666666 0.040625 0.041666666666666664