0 0.634375 0.4 0.03125 0.05416666666666667
0 0.534375 0.128125 0.03125 0.058333333333333334
0 0.6328125 0.7395833333333334 0.03125 0.05416666666666667
0 0.440625 0.828125 0.028125 0.058333333333333334
0 0.634375 0.6541666666666667 0.028125 0.05416666666666667
0 0.4828125 0.9135416666666667 0.03125 0.058333333333333334
0 0.5796875 0.4875 0.0265625 0.04583333333333333
0 0.234375 0.390625 0.034375 0.058333333333333334
0 0.53359375 0.6520833333333333 0.0265625 0.05
0 0.43671875 0.9072916666666667 0.0296875 0.058333333333333334
0 0.334375 0.11770833333333333 0.0328125 0.06041666666666667
0 0.490625 0.29791666666666666 0.028125 0.05416666666666667
0 0.2390625 0.6572916666666667 0.0328125 0.05416666666666667
0 0.38828125 0.121875 0.03125 0.058333333333333334
0 0.4859375 0.8302083333333333 0.028125 0.05416666666666667
0 0.440625 0.7458333333333333 0.028125 0.05416666666666667
0 0.340625 0.9166666666666666 0.03125 0.058333333333333334
0 0.2921875 0.9177083333333333 0.03125 0.058333333333333334
0 0.4875 0.23541666666666666 0.028125 0.05416666666666667
0 0.53671875 0.48020833333333335 0.0265625 0.04583333333333333
0 0.43984375 0.5708333333333333 0.0296875 0.05416666666666667
0 0.2921875 0.8354166666666667 0.03125 0.058333333333333334
0 0.3890625 0.6552083333333333 0.028125 0.05416666666666667