0 0.6390625 0.45 0.6484375 0.4625 0.6484375 0.4708333333333333 0.6390625 0.48541666666666666 0.6234375 0.48541666666666666 0.6125 0.475 0.6109375 0.4666666666666667 0.6125 0.46041666666666664 0.625 0.4479166666666667 0.6375 0.45
0 0.1890625 0.5458333333333333 0.1953125 0.5520833333333334 0.1984375 0.5645833333333333 0.190625 0.575 0.184375 0.5791666666666667 0.175 0.5791666666666667 0.1734375 0.58125 0.159375 0.5770833333333333 0.153125 0.56875 0.153125 0.5583333333333333 0.159375 0.5479166666666667 0.165625 0.54375 0.1875 0.5458333333333333
0 0.7921875 0.3645833333333333 0.7984375 0.3729166666666667 0.7984375 0.3875 0.7953125 0.39375 0.7828125 0.40208333333333335 0.765625 0.40208333333333335 0.759375 0.39791666666666664 0.7546875 0.38958333333333334 0.7546875 0.38125 0.75625 0.375 0.771875 0.3625 0.790625 0.3645833333333333
0 0.3109375 0.475 0.3171875 0.48541666666666666 0.3171875 0.49375 0.309375 0.5041666666666667 0.3 0.5083333333333333 0.2875 0.50625 0.278125 0.5 0.275 0.49375 0.275 0.48541666666666666 0.278125 0.47708333333333336 0.2859375 0.4708333333333333 0.303125 0.4708333333333333 0.309375 0.475
0 0.1875 0.7479166666666667 0.1953125 0.75625 0.196875 0.7666666666666667 0.1953125 0.7729166666666667 0.1890625 0.78125 0.178125 0.7875 0.1625 0.7875 0.15625 0.7833333333333333 0.153125 0.7770833333333333 0.153125 0.7625 0.1578125 0.7541666666666667 0.1640625 0.75 0.1796875 0.7458333333333333 0.1859375 0.7479166666666667
0 0.809375 0.7458333333333333 0.8140625 0.7479166666666667 0.821875 0.7583333333333333 0.8234375 0.7770833333333333 0.8171875 0.7854166666666667 0.8078125 0.7895833333333333 0.79375 0.7875 0.784375 0.78125 0.775 0.7625 0.778125 0.75 0.7875 0.7416666666666667 0.8015625 0.7416666666666667 0.8078125 0.7458333333333333
0 0.3078125 0.6791666666666667 0.31875 0.6895833333333333 0.3203125 0.7 0.3140625 0.7125 0.309375 0.7166666666666667 0.296875 0.7208333333333333 0.2890625 0.7208333333333333 0.28125 0.7166666666666667 0.2765625 0.70625 0.2765625 0.6979166666666666 0.278125 0.6916666666666667 0.2859375 0.6833333333333333 0.30625 0.6791666666666667
0 0.7890625 0.5041666666666667 0.8 0.5083333333333333 0.8078125 0.51875 0.8078125 0.5333333333333333 0.7953125 0.54375 0.775 0.5416666666666666 0.76875 0.5375 0.7640625 0.5270833333333333 0.765625 0.5145833333333333 0.7796875 0.5041666666666667 0.7875 0.5041666666666667
0 0.5921875 0.7333333333333333 0.6015625 0.7395833333333334 0.6078125 0.7583333333333333 0.6046875 0.76875 0.5984375 0.7770833333333333 0.5921875 0.7791666666666667 0.5765625 0.7770833333333333 0.565625 0.7645833333333333 0.565625 0.75 0.575 0.7354166666666667 0.590625 0.7333333333333333
0 0.2875 0.34375 0.3046875 0.35625 0.30625 0.36666666666666664 0.2953125 0.38125 0.278125 0.38125 0.265625 0.37083333333333335 0.2640625 0.3645833333333333 0.265625 0.3541666666666667 0.2734375 0.3458333333333333 0.2859375 0.34375
0 0.7 0.2375 0.7078125 0.24583333333333332 0.7078125 0.25833333333333336 0.6984375 0.27291666666666664 0.684375 0.27708333333333335 0.675 0.275 0.66875 0.26875 0.665625 0.25833333333333336 0.6671875 0.2520833333333333 0.671875 0.24166666666666667 0.6796875 0.23541666666666666 0.696875 0.23541666666666666 0.6984375 0.2375
0 0.175 0.35208333333333336 0.1859375 0.35833333333333334 0.190625 0.36875 0.1890625 0.37916666666666665 0.1796875 0.3875 0.159375 0.3854166666666667 0.153125 0.38125 0.1484375 0.3729166666666667 0.1484375 0.3645833333333333 0.153125 0.3541666666666667 0.1609375 0.35 0.171875 0.35 0.1734375 0.35208333333333336
0 0.490625 0.4583333333333333 0.5 0.4625 0.5078125 0.47291666666666665 0.509375 0.48125 0.5046875 0.49166666666666664 0.5 0.49583333333333335 0.4859375 0.4979166666666667 0.4765625 0.49375 0.471875 0.4875 0.471875 0.4708333333333333 0.4796875 0.4625 0.4890625 0.46041666666666664
0 0.4390625 0.5395833333333333 0.4453125 0.54375 0.446875 0.55625 0.4453125 0.5625 0.4390625 0.5708333333333333 0.434375 0.5729166666666666 0.4171875 0.5729166666666666 0.4109375 0.56875 0.40625 0.5604166666666667 0.40625 0.55 0.4125 0.5395833333333333 0.4171875 0.5375 0.43125 0.5354166666666667 0.4375 0.5395833333333333
0 0.178125 0.41875 0.1890625 0.42291666666666666 0.1953125 0.43125 0.1953125 0.44375 0.190625 0.45 0.1828125 0.45416666666666666 0.1609375 0.45208333333333334 0.153125 0.44375 0.153125 0.42916666666666664 0.159375 0.42083333333333334 0.1625 0.41875 0.1765625 0.41875
0 0.171875 0.30625 0.1796875 0.3145833333333333 0.18125 0.3229166666666667 0.1796875 0.32916666666666666 0.1734375 0.3375 0.165625 0.33958333333333335 0.153125 0.3375 0.1453125 0.3333333333333333 0.140625 0.32708333333333334 0.1390625 0.31666666666666665 0.140625 0.3104166666666667 0.146875 0.3020833333333333 0.1515625 0.3 0.159375 0.3 0.1703125 0.30625
0 0.35625 0.21458333333333332 0.3671875 0.22291666666666668 0.3734375 0.23333333333333334 0.3734375 0.24375 0.3703125 0.25 0.359375 0.25625 0.3453125 0.25416666666666665 0.334375 0.24166666666666667 0.334375 0.22708333333333333 0.3375 0.22083333333333333 0.346875 0.21458333333333332 0.3546875 0.21458333333333332
0 0.778125 0.30833333333333335 0.7921875 0.31875 0.79375 0.33125 0.7921875 0.3375 0.7875 0.34375 0.7671875 0.35208333333333336 0.75625 0.34791666666666665 0.75 0.33958333333333335 0.75 0.3229166666666667 0.7640625 0.3104166666666667 0.7765625 0.30833333333333335
0 0.5609375 0.3229166666666667 0.5671875 0.32708333333333334 0.571875 0.3375 0.5703125 0.35 0.5671875 0.35625 0.5609375 0.36041666666666666 0.54375 0.36041666666666666 0.534375 0.35 0.5328125 0.3416666666666667 0.534375 0.3333333333333333 0.540625 0.325 0.55 0.32083333333333336 0.559375 0.3229166666666667
0 0.7765625 0.23958333333333334 0.784375 0.25 0.784375 0.2625 0.7796875 0.2708333333333333 0.7640625 0.28125 0.7484375 0.2791666666666667 0.74375 0.275 0.740625 0.2625 0.746875 0.24791666666666667 0.753125 0.24166666666666667 0.7625 0.2375 0.775 0.23958333333333334
0 0.3765625 0.475 0.384375 0.48541666666666666 0.384375 0.49166666666666664 0.3828125 0.4979166666666667 0.378125 0.5041666666666667 0.3703125 0.5083333333333333 0.35625 0.5083333333333333 0.346875 0.5020833333333333 0.34375 0.4979166666666667 0.34375 0.48333333333333334 0.346875 0.47708333333333336 0.3578125 0.4708333333333333 0.365625 0.4708333333333333 0.375 0.475
0 0.178125 0.48125 0.190625 0.48541666666666666 0.1953125 0.49166666666666664 0.1953125 0.50625 0.190625 0.5125 0.1828125 0.5166666666666667 0.1625 0.5166666666666667 0.153125 0.50625 0.153125 0.49375 0.15625 0.4875 0.165625 0.48125 0.1765625 0.48125
0 0.2875 0.28125 0.3015625 0.28541666666666665 0.3140625 0.29791666666666666 0.3140625 0.3104166666666667 0.3109375 0.31666666666666665 0.3 0.3229166666666667 0.29375 0.3229166666666667 0.278125 0.3145833333333333 0.271875 0.3 0.2796875 0.28541666666666665 0.2859375 0.2833333333333333
0 0.7984375 0.6770833333333334 0.8140625 0.6854166666666667 0.8203125 0.6979166666666666 0.8203125 0.7083333333333334 0.8078125 0.7208333333333333 0.7875 0.7208333333333333 0.78125 0.7166666666666667 0.771875 0.7020833333333333 0.771875 0.6916666666666667 0.7796875 0.6791666666666667 0.7828125 0.6770833333333334 0.796875 0.6770833333333334
0 0.5734375 0.5979166666666667 0.5828125 0.6041666666666666 0.5859375 0.6104166666666667 0.5859375 0.625 0.5796875 0.6354166666666666 0.5703125 0.6395833333333333 0.5578125 0.6375 0.55 0.63125 0.546875 0.625 0.546875 0.6104166666666667 0.55625 0.6 0.571875 0.5979166666666667
0 0.5515625 0.18125 0.5609375 0.19375 0.5609375 0.21041666666666667 0.5546875 0.22083333333333333 0.5453125 0.225 0.54375 0.22291666666666668 0.534375 0.22291666666666668 0.528125 0.21875 0.525 0.2125 0.5234375 0.19791666666666666 0.525 0.19166666666666668 0.5328125 0.18333333333333332 0.54375 0.17916666666666667 0.55 0.18125
0 0.365625 0.7458333333333333 0.3765625 0.7541666666666667 0.378125 0.76875 0.3734375 0.78125 0.3671875 0.7875 0.3578125 0.7916666666666666 0.346875 0.7895833333333333 0.340625 0.7854166666666667 0.3375 0.78125 0.3359375 0.7666666666666667 0.340625 0.75625 0.3453125 0.7520833333333333 0.3640625 0.7458333333333333
0 0.7921875 0.44166666666666665 0.8015625 0.45208333333333334 0.8015625 0.46458333333333335 0.7890625 0.47708333333333336 0.7796875 0.47708333333333336 0.778125 0.4791666666666667 0.7640625 0.475 0.7578125 0.4666666666666667 0.75625 0.45625 0.759375 0.4479166666666667 0.771875 0.4395833333333333 0.7890625 0.4395833333333333 0.790625 0.44166666666666665
0 0.796875 0.5875 0.8109375 0.5958333333333333 0.8171875 0.60625 0.815625 0.61875 0.8046875 0.6291666666666667 0.78125 0.6270833333333333 0.771875 0.61875 0.76875 0.6125 0.76875 0.6041666666666666 0.771875 0.6 0.771875 0.5958333333333333 0.784375 0.5875 0.7953125 0.5875
0 0.65 0.6708333333333333 0.6578125 0.675 0.6640625 0.6854166666666667 0.6640625 0.7 0.6546875 0.7125 0.6484375 0.7145833333333333 0.640625 0.7145833333333333 0.63125 0.7104166666666667 0.621875 0.6958333333333333 0.621875 0.6854166666666667 0.628125 0.675 0.634375 0.6708333333333333 0.6484375 0.6708333333333333
0 0.4421875 0.5958333333333333 0.446875 0.5979166666666667 0.4515625 0.6041666666666666 0.453125 0.6166666666666667 0.4453125 0.6291666666666667 0.4359375 0.6354166666666666 0.4265625 0.6354166666666666 0.415625 0.6291666666666667 0.4125 0.6229166666666667 0.4125 0.6104166666666667 0.415625 0.6020833333333333 0.421875 0.5979166666666667 0.440625 0.5958333333333333
0 0.428125 0.3333333333333333 0.434375 0.33958333333333335 0.4375 0.35208333333333336 0.4359375 0.35833333333333334 0.4296875 0.36666666666666664 0.425 0.36875 0.4109375 0.36875 0.403125 0.3645833333333333 0.396875 0.3541666666666667 0.396875 0.3458333333333333 0.4046875 0.3333333333333333 0.409375 0.33125 0.4203125 0.32916666666666666 0.4265625 0.3333333333333333