0 0.4421875 0.8322916666666667 0.028125 0.05416666666666667
0 0.81796875 0.7895833333333333 0.0265625 0.05
0 0.44375 0.7510416666666667 0.0265625 0.05416666666666667
0 0.4578125 0.12083333333333333 0.03125 0.05416666666666667
0 0.7609375 0.378125 0.028125 0.05
0 0.71875 0.5458333333333333 0.028125 0.05
0 0.50078125 0.22708333333333333 0.0265625 0.05
0 0.7390625 0.7197916666666667 0.028125 0.04583333333333333
0 0.475 0.9302083333333333 0.0296875 0.05416666666666667
0 0.3984375 0.18541666666666667 0.03125 0.058333333333333334
0 0.76796875 0.6364583333333333 0.0296875 0.05
0 0.6859375 0.8739583333333333 0.028125 0.05416666666666667
0 0.34765625 0.7260416666666667 0.03125 0.058333333333333334
0 0.66484375 0.9760416666666667 0.0265625 0.04791666666666667
0 0.58359375 0.3614583333333333 0.0265625 0.05
0 0.72421875 0.7697916666666667 0.0265625 0.05416666666666667
0 0.41875 0.565625 0.03125 0.05
0 0.7015625 0.9635416666666666 0.028125 0.05416666666666667
0 0.71875 0.690625 0.025 0.05