0 0.5125 0.9364583333333333 0.028125 0.058333333333333334
0 0.596875 0.9302083333333333 0.028125 0.058333333333333334
0 0.55078125 0.9375 0.028125 0.05416666666666667
0 0.67421875 0.16145833333333334 0.0328125 0.0625
0 0.6484375 0.9322916666666666 0.028125 0.05416666666666667
0 0.6375 0.15625 0.03125 0.058333333333333334
0 0.5625 0.775 0.028125 0.05416666666666667
0 0.371875 0.4114583333333333 0.0328125 0.058333333333333334
0 0.5359375 0.14895833333333333 0.0296875 0.058333333333333334
0 0.47890625 0.13645833333333332 0.03125 0.058333333333333334
0 0.36875 0.5125 0.0328125 0.05416666666666667
0 0.884375 0.6 0.03125 0.05416666666666667
0 0.6703125 0.4427083333333333 0.03125 0.05416666666666667
0 0.70546875 0.6177083333333333 0.03125 0.05416666666666667
0 0.84375 0.7239583333333334 0.03125 0.05416666666666667
0 0.5640625 0.4510416666666667 0.0296875 0.05416666666666667
0 0.58359375 0.15520833333333334 0.03125 0.058333333333333334
0 0.7421875 0.7760416666666666 0.03125 0.05416666666666667
0 0.8359375 0.6552083333333333 0.03125 0.05416666666666667
0 0.940625 0.7427083333333333 0.03125 0.05416666666666667
0 0.7859375 0.9572916666666667 0.0296875 0.05416666666666667
0 0.825 0.9322916666666666 0.028125 0.05416666666666667