0 0.3828125 0.5291666666666667 0.3875 0.5333333333333333 0.390625 0.5416666666666666 0.390625 0.5479166666666667 0.384375 0.5583333333333333 0.371875 0.5645833333333333 0.3578125 0.5583333333333333 0.3515625 0.5479166666666667 0.3515625 0.5416666666666666 0.3609375 0.5270833333333333 0.375 0.525 0.38125 0.5291666666666667
0 0.446875 0.37916666666666665 0.453125 0.39166666666666666 0.4515625 0.40208333333333335 0.45 0.40625 0.4359375 0.41458333333333336 0.428125 0.41458333333333336 0.4171875 0.4083333333333333 0.4125 0.4 0.4125 0.3875 0.4203125 0.375 0.4265625 0.3729166666666667 0.4375 0.3729166666666667 0.4453125 0.37916666666666665
0 0.653125 0.7666666666666667 0.6625 0.7791666666666667 0.6625 0.7895833333333333 0.65625 0.8 0.6484375 0.8041666666666667 0.6390625 0.8041666666666667 0.6296875 0.7979166666666667 0.6234375 0.7875 0.6234375 0.7729166666666667 0.6296875 0.7645833333333333 0.634375 0.7625 0.6453125 0.7625 0.6515625 0.7666666666666667
0 0.853125 0.23333333333333334 0.859375 0.2375 0.8625 0.24375 0.8625 0.25833333333333336 0.8578125 0.26666666666666666 0.8515625 0.2708333333333333 0.8359375 0.275 0.8234375 0.2708333333333333 0.8203125 0.26666666666666666 0.8171875 0.25416666666666665 0.8234375 0.24166666666666667 0.8328125 0.23541666666666666 0.8515625 0.23333333333333334
0 0.2140625 0.21875 0.221875 0.22291666666666668 0.2328125 0.23958333333333334 0.23125 0.25625 0.221875 0.26458333333333334 0.2046875 0.26458333333333334 0.1890625 0.2520833333333333 0.184375 0.24166666666666667 0.1859375 0.22916666666666666 0.190625 0.22291666666666668 0.1984375 0.21875 0.2125 0.21875
0 0.728125 0.3 0.734375 0.3104166666666667 0.734375 0.325 0.73125 0.33125 0.7125 0.33958333333333335 0.6984375 0.3375 0.6921875 0.32916666666666666 0.690625 0.3229166666666667 0.6921875 0.3145833333333333 0.696875 0.30625 0.70625 0.3 0.7140625 0.29791666666666666 0.7265625 0.3
0 0.434375 0.23541666666666666 0.44375 0.24791666666666667 0.44375 0.2625 0.4359375 0.275 0.428125 0.2791666666666667 0.41875 0.2791666666666667 0.4109375 0.275 0.4046875 0.26666666666666666 0.403125 0.25 0.4046875 0.24375 0.4109375 0.23541666666666666 0.4171875 0.23333333333333334 0.4328125 0.23541666666666666
0 0.5953125 0.6520833333333333 0.6015625 0.6625 0.6015625 0.6729166666666667 0.59375 0.6854166666666667 0.5875 0.6875 0.571875 0.6854166666666667 0.565625 0.6791666666666667 0.5609375 0.6645833333333333 0.5640625 0.65625 0.5734375 0.6479166666666667 0.584375 0.6479166666666667 0.59375 0.6520833333333333
0 0.31875 0.7333333333333333 0.328125 0.74375 0.328125 0.75625 0.325 0.7666666666666667 0.315625 0.775 0.2984375 0.775 0.2953125 0.7729166666666667 0.2890625 0.7666666666666667 0.2875 0.7520833333333333 0.290625 0.74375 0.3015625 0.7333333333333333 0.309375 0.73125 0.3171875 0.7333333333333333
0 0.840625 0.6375 0.853125 0.6479166666666667 0.853125 0.6625 0.85 0.66875 0.8390625 0.675 0.8265625 0.6729166666666667 0.8140625 0.6645833333333333 0.8109375 0.6583333333333333 0.8109375 0.6479166666666667 0.8171875 0.6395833333333333 0.8265625 0.6354166666666666 0.8390625 0.6375
0 0.521875 0.51875 0.528125 0.5229166666666667 0.53125 0.5291666666666667 0.53125 0.54375 0.5234375 0.5520833333333334 0.515625 0.55625 0.5078125 0.55625 0.5 0.5520833333333334 0.4953125 0.5458333333333333 0.49375 0.53125 0.4953125 0.525 0.503125 0.51875 0.5203125 0.51875
0 0.84375 0.5729166666666666 0.85 0.5791666666666667 0.8515625 0.59375 0.846875 0.6020833333333333 0.8390625 0.60625 0.8296875 0.60625 0.8140625 0.6 0.8109375 0.5958333333333333 0.8078125 0.5833333333333334 0.8140625 0.5729166666666666 0.821875 0.56875 0.8328125 0.56875 0.8421875 0.5729166666666666
0 0.85625 0.6916666666666667 0.8609375 0.7 0.8609375 0.7104166666666667 0.853125 0.7229166666666667 0.846875 0.725 0.840625 0.725 0.8234375 0.7145833333333333 0.81875 0.7041666666666667 0.8203125 0.6958333333333333 0.8265625 0.6875 0.8328125 0.6854166666666667 0.8484375 0.6875 0.8546875 0.6916666666666667
0 0.7140625 0.7020833333333333 0.725 0.7125 0.725 0.7270833333333333 0.715625 0.7375 0.7 0.7375 0.6921875 0.7333333333333333 0.684375 0.7208333333333333 0.6859375 0.70625 0.690625 0.7020833333333333 0.6984375 0.6979166666666666 0.70625 0.6979166666666666 0.7125 0.7020833333333333
0 0.234375 0.60625 0.240625 0.6104166666666667 0.24375 0.6166666666666667 0.24375 0.6291666666666667 0.234375 0.6416666666666667 0.225 0.6458333333333334 0.2078125 0.64375 0.2015625 0.6375 0.1984375 0.6291666666666667 0.1984375 0.6229166666666667 0.20625 0.6104166666666667 0.2125 0.60625 0.2171875 0.6041666666666666 0.23125 0.6041666666666666 0.2328125 0.60625
0 0.2296875 0.5291666666666667 0.2375 0.5333333333333333 0.24375 0.5416666666666666 0.24375 0.5520833333333334 0.234375 0.5645833333333333 0.221875 0.5708333333333333 0.2109375 0.56875 0.2046875 0.5645833333333333 0.2 0.55625 0.2 0.5458333333333333 0.2015625 0.5395833333333333 0.2109375 0.53125 0.228125 0.5291666666666667
0 0.2484375 0.7291666666666666 0.253125 0.7354166666666667 0.2546875 0.7416666666666667 0.253125 0.7541666666666667 0.25 0.7604166666666666 0.2375 0.76875 0.2171875 0.7666666666666667 0.2109375 0.7583333333333333 0.2109375 0.7479166666666667 0.2140625 0.7375 0.221875 0.7291666666666666 0.2359375 0.725 0.240625 0.725 0.246875 0.7291666666666666
0 0.721875 0.6395833333333333 0.73125 0.6458333333333334 0.7359375 0.6541666666666667 0.734375 0.6666666666666666 0.7234375 0.6770833333333334 0.7109375 0.6770833333333334 0.7046875 0.6729166666666667 0.6953125 0.6625 0.69375 0.6541666666666667 0.6953125 0.6479166666666667 0.703125 0.6395833333333333 0.7203125 0.6395833333333333
0 0.721875 0.5166666666666667 0.728125 0.5229166666666667 0.7296875 0.5333333333333333 0.728125 0.5395833333333333 0.7234375 0.5458333333333333 0.715625 0.55 0.70625 0.55 0.6921875 0.54375 0.6875 0.5333333333333333 0.6875 0.525 0.6890625 0.5208333333333334 0.7015625 0.5125 0.7140625 0.5125 0.7203125 0.5166666666666667
0 0.45 0.6520833333333333 0.4578125 0.65625 0.4625 0.6625 0.4640625 0.66875 0.4625 0.68125 0.4515625 0.6916666666666667 0.434375 0.6895833333333333 0.4265625 0.6791666666666667 0.4265625 0.6666666666666666 0.4296875 0.6583333333333333 0.4375 0.6520833333333333 0.4484375 0.6520833333333333
0 0.8453125 0.44375 0.853125 0.45 0.8546875 0.46458333333333335 0.85 0.475 0.8421875 0.4791666666666667 0.81875 0.47708333333333336 0.8109375 0.46875 0.8109375 0.45625 0.8140625 0.45 0.821875 0.44375 0.83125 0.44375 0.8328125 0.44166666666666665 0.84375 0.44375
0 0.4625 0.7916666666666666 0.46875 0.8 0.4703125 0.8145833333333333 0.46875 0.8229166666666666 0.45625 0.8333333333333334 0.4453125 0.8333333333333334 0.4375 0.8291666666666667 0.4328125 0.81875 0.4328125 0.8020833333333334 0.4359375 0.7958333333333333 0.4453125 0.7895833333333333 0.459375 0.7895833333333333 0.4609375 0.7916666666666666
0 0.584375 0.38125 0.5953125 0.39375 0.59375 0.4083333333333333 0.5875 0.4166666666666667 0.5765625 0.42083333333333334 0.5609375 0.41875 0.5546875 0.41041666666666665 0.553125 0.39791666666666664 0.5640625 0.38333333333333336 0.5828125 0.38125
0 0.665625 0.22708333333333333 0.675 0.23541666666666666 0.6765625 0.2520833333333333 0.671875 0.2604166666666667 0.659375 0.26875 0.6421875 0.26875 0.6390625 0.26666666666666666 0.6328125 0.25833333333333336 0.6328125 0.24791666666666667 0.6359375 0.23958333333333334 0.64375 0.23125 0.65 0.22708333333333333 0.6640625 0.22708333333333333
0 0.2171875 0.28541666666666665 0.23125 0.29583333333333334 0.2359375 0.3104166666666667 0.234375 0.31875 0.221875 0.33125 0.2015625 0.32708333333333334 0.1953125 0.3229166666666667 0.1875 0.3104166666666667 0.1875 0.29791666666666666 0.1953125 0.2875 0.215625 0.28541666666666665
0 0.65 0.5104166666666666 0.65625 0.5145833333333333 0.6609375 0.5229166666666667 0.659375 0.5375 0.65 0.5458333333333333 0.6328125 0.5458333333333333 0.6234375 0.5395833333333333 0.61875 0.5291666666666667 0.6203125 0.5229166666666667 0.63125 0.5104166666666666 0.6484375 0.5104166666666666
0 0.228125 0.38333333333333336 0.234375 0.39166666666666666 0.2359375 0.4041666666666667 0.23125 0.4125 0.2203125 0.41875 0.2078125 0.41875 0.1953125 0.4125 0.1890625 0.4041666666666667 0.1890625 0.38958333333333334 0.19375 0.38333333333333336 0.20625 0.3770833333333333 0.2203125 0.37916666666666665 0.2265625 0.38333333333333336
0 0.846875 0.5083333333333333 0.853125 0.5145833333333333 0.8546875 0.525 0.853125 0.53125 0.84375 0.5416666666666666 0.8265625 0.5416666666666666 0.8140625 0.5354166666666667 0.8109375 0.5291666666666667 0.8109375 0.5166666666666667 0.8203125 0.50625 0.84375 0.50625 0.8453125 0.5083333333333333
0 0.3671875 0.3854166666666667 0.375 0.3958333333333333 0.375 0.41041666666666665 0.36875 0.41875 0.3609375 0.42291666666666666 0.3515625 0.42291666666666666 0.3390625 0.41458333333333336 0.3328125 0.4041666666666667 0.3328125 0.39791666666666664 0.340625 0.3854166666666667 0.346875 0.38125 0.359375 0.38125 0.365625 0.3854166666666667
0 0.1953125 0.47291666666666665 0.2015625 0.4666666666666667 0.21875 0.4625 0.23125 0.4666666666666667 0.2375 0.475 0.2390625 0.48125 0.2375 0.49166666666666664 0.2328125 0.49583333333333335 0.2265625 0.4979166666666667 0.2234375 0.5020833333333333 0.2078125 0.5020833333333333 0.1953125 0.49375 0.19375 0.4895833333333333 0.1953125 0.475
0 0.2078125 0.6645833333333333 0.2203125 0.6583333333333333 0.240625 0.6583333333333333 0.246875 0.6666666666666666 0.2484375 0.6729166666666667 0.246875 0.6833333333333333 0.2359375 0.6958333333333333 0.2140625 0.6979166666666666 0.2046875 0.6875 0.2046875 0.6708333333333333 0.2078125 0.6666666666666666