0 0.61484375 0.415625 0.03125 0.046875
0 0.56328125 0.6385416666666667 0.040625 0.07395833333333333
0 0.6375 0.609375 0.04296875 0.07083333333333333
0 0.76875 0.784375 0.05234375 0.084375
0 0.590625 0.503125 0.03515625 0.05416666666666667
0 0.63125 0.346875 0.02734375 0.03854166666666667
0 0.6875 0.33958333333333335 0.02734375 0.040625
0 0.37734375 0.4875 0.0375 0.058333333333333334
0 0.7703125 0.45416666666666666 0.034375 0.046875
0 0.7734375 0.5572916666666666 0.04140625 0.059375
0 0.76875 0.7020833333333333 0.04921875 0.07916666666666666
0 0.3625 0.41354166666666664 0.03515625 0.053125
0 0.76640625 0.4114583333333333 0.03125 0.042708333333333334
0 0.48671875 0.32916666666666666 0.0265625 0.041666666666666664
0 0.4375 0.4 0.03125 0.046875
0 0.7671875 0.346875 0.02890625 0.03854166666666667
0 0.515625 0.27395833333333336 0.02421875 0.036458333333333336
0 0.496875 0.23229166666666667 0.02265625 0.03333333333333333
0 0.65234375 0.2916666666666667 0.025 0.036458333333333336
0 0.5375 0.23020833333333332 0.021875 0.03333333333333333
0 0.33515625 0.28541666666666665 0.0265625 0.0375
0 0.2671875 0.35625 0.0328125 0.04895833333333333
0 0.384375 0.23854166666666668 0.02265625 0.034375
0 0.36328125 0.25729166666666664 0.025 0.036458333333333336
0 0.3046875 0.31354166666666666 0.03125 0.04479166666666667
0 0.44296875 0.18125 0.021875 0.029166666666666667
0 0.2265625 0.39166666666666666 0.03828125 0.053125
0 0.4015625 0.21770833333333334 0.021875 0.03229166666666667
0 0.77109375 0.5010416666666667 0.0375 0.051041666666666666
0 0.425 0.196875 0.02109375 0.030208333333333334
0 0.76953125 0.6197916666666666 0.04375 0.06770833333333333