0 0.625 0.11458333333333333 0.03203125 0.059375
0 0.72109375 0.11979166666666667 0.034375 0.06145833333333333
0 0.52421875 0.2916666666666667 0.0296875 0.053125
0 0.61015625 0.8947916666666667 0.0296875 0.05520833333333333
0 0.4734375 0.8947916666666667 0.02890625 0.057291666666666664
0 0.525 0.1125 0.0296875 0.058333333333333334
0 0.5671875 0.8927083333333333 0.02890625 0.05520833333333333
0 0.521875 0.5604166666666667 0.02734375 0.051041666666666666
0 0.43046875 0.11458333333333333 0.0296875 0.059375
0 0.5171875 0.890625 0.02890625 0.05520833333333333
0 0.48125 0.10833333333333334 0.02890625 0.058333333333333334
0 0.4265625 0.7333333333333333 0.02578125 0.05
0 0.66953125 0.2947916666666667 0.03125 0.05520833333333333
0 0.6171875 0.640625 0.0296875 0.051041666666666666
0 0.51875 0.6447916666666667 0.02734375 0.051041666666666666
0 0.4765625 0.5520833333333334 0.02578125 0.04895833333333333
0 0.425 0.6375 0.0265625 0.05
0 0.6171875 0.47291666666666665 0.0296875 0.051041666666666666
0 0.33203125 0.7375 0.0296875 0.05520833333333333
0 0.3234375 0.37604166666666666 0.03125 0.053125
0 0.7171875 0.38645833333333335 0.03359375 0.05520833333333333
0 0.709375 0.6427083333333333 0.03203125 0.05416666666666667
0 0.703125 0.8864583333333333 0.03203125 0.057291666666666664
0 0.521875 0.38125 0.02734375 0.051041666666666666
0 0.3234375 0.09479166666666666 0.03359375 0.0625
0 0.3296875 0.903125 0.03125 0.05416666666666667
0 0.425 0.3802083333333333 0.02734375 0.04895833333333333
0 0.4265625 0.2833333333333333 0.02890625 0.053125
0 0.375 0.45729166666666665 0.02734375 0.04895833333333333
0 0.3203125 0.6364583333333333 0.0296875 0.05416666666666667
0 0.5171875 0.7291666666666666 0.028125 0.053125
0 0.5734375 0.11354166666666667 0.0296875 0.058333333333333334