0 0.66484375 0.284375 0.04375 0.04375
0 0.6234375 0.75 0.04375 0.041666666666666664
0 0.40078125 0.36666666666666664 0.040625 0.041666666666666664
0 0.81171875 0.6927083333333334 0.046875 0.041666666666666664
0 0.67890625 0.6916666666666667 0.04375 0.041666666666666664
0 0.38828125 0.22291666666666668 0.04375 0.04583333333333333
0 0.6109375 0.4895833333333333 0.04375 0.041666666666666664
0 0.6140625 0.6229166666666667 0.04375 0.041666666666666664
0 0.8125 0.6166666666666667 0.046875 0.041666666666666664
0 0.1890625 0.28125 0.05 0.04583333333333333
0 0.32109375 0.28958333333333336 0.046875 0.04583333333333333
0 0.19453125 0.3489583333333333 0.046875 0.04375
0 0.60390625 0.35208333333333336 0.04375 0.041666666666666664
0 0.81171875 0.5520833333333334 0.046875 0.041666666666666664
0 0.18671875 0.21041666666666667 0.046875 0.04791666666666667
0 0.40234375 0.49270833333333336 0.040625 0.03958333333333333
0 0.8125 0.425 0.046875 0.041666666666666664
0 0.81484375 0.7583333333333333 0.046875 0.041666666666666664
0 0.19453125 0.7104166666666667 0.046875 0.04583333333333333
0 0.403125 0.628125 0.040625 0.041666666666666664
0 0.18984375 0.4239583333333333 0.046875 0.04375
0 0.80703125 0.2916666666666667 0.046875 0.041666666666666664
0 0.3984375 0.7729166666666667 0.04375 0.04583333333333333
0 0.18984375 0.5645833333333333 0.046875 0.041666666666666664
0 0.60703125 0.22291666666666668 0.04375 0.04791666666666667
0 0.80390625 0.22291666666666668 0.046875 0.04583333333333333
0 0.18984375 0.4895833333333333 0.046875 0.041666666666666664
0 0.19609375 0.7770833333333333 0.046875 0.04583333333333333
0 0.80625 0.36041666666666666 0.046875 0.041666666666666664
0 0.33203125 0.7052083333333333 0.04375 0.04375
0 0.19296875 0.634375 0.046875 0.04375
0 0.81171875 0.48333333333333334 0.046875 0.041666666666666664