0 0.33046875 0.096875 0.03125 0.05416666666666667
0 0.4734375 0.10520833333333333 0.028125 0.05416666666666667
0 0.5171875 0.10833333333333334 0.028125 0.05416666666666667
0 0.7015625 0.11354166666666667 0.03125 0.058333333333333334
0 0.425 0.36354166666666665 0.025 0.05
0 0.33125 0.2635416666666667 0.03125 0.058333333333333334
0 0.6109375 0.10729166666666666 0.0296875 0.05416666666666667
0 0.7171875 0.6145833333333334 0.0328125 0.058333333333333334
0 0.425 0.27395833333333336 0.025 0.05
0 0.66875 0.7072916666666667 0.03125 0.05416666666666667
0 0.3203125 0.3645833333333333 0.028125 0.05416666666666667
0 0.709375 0.3572916666666667 0.03125 0.05416666666666667
0 0.6171875 0.36041666666666666 0.0296875 0.05
0 0.6171875 0.528125 0.0296875 0.05
0 0.5171875 0.26979166666666665 0.028125 0.05416666666666667
0 0.51484375 0.18958333333333333 0.028125 0.05416666666666667
0 0.7203125 0.8822916666666667 0.034375 0.058333333333333334
0 0.475 0.5302083333333333 0.025 0.05
0 0.625 0.8864583333333333 0.03125 0.058333333333333334
0 0.43046875 0.884375 0.0296875 0.058333333333333334
0 0.42578125 0.715625 0.0265625 0.05
0 0.51953125 0.44479166666666664 0.0265625 0.05
0 0.5203125 0.6197916666666666 0.028125 0.05416666666666667
0 0.3234375 0.6260416666666667 0.0296875 0.05
0 0.48046875 0.8947916666666667 0.0296875 0.058333333333333334
0 0.3234375 0.9052083333333333 0.03125 0.058333333333333334
0 0.525 0.8885416666666667 0.03125 0.058333333333333334
0 0.5734375 0.8864583333333333 0.028125 0.058333333333333334
0 0.425 0.621875 0.025 0.05