0 0.5171875 0.9135416666666667 0.0296875 0.058333333333333334
0 0.5640625 0.9072916666666667 0.03125 0.058333333333333334
0 0.559375 0.8291666666666667 0.028125 0.058333333333333334
0 0.3671875 0.7385416666666667 0.03125 0.05416666666666667
0 0.365625 0.653125 0.028125 0.05
0 0.465625 0.12916666666666668 0.03125 0.0625
0 0.7609375 0.6572916666666667 0.03125 0.05416666666666667
0 0.70859375 0.8354166666666667 0.03125 0.058333333333333334
0 0.46640625 0.653125 0.0265625 0.05
0 0.5109375 0.296875 0.028125 0.05416666666666667
0 0.5609375 0.21354166666666666 0.028125 0.05416666666666667
0 0.36640625 0.4010416666666667 0.0296875 0.05
0 0.5125 0.22604166666666667 0.0296875 0.05416666666666667
0 0.559375 0.7354166666666667 0.028125 0.05416666666666667
0 0.4203125 0.4875 0.0265625 0.04583333333333333
0 0.7578125 0.478125 0.034375 0.05416666666666667