0 0.2109375 0.6666666666666666 0.04375 0.041666666666666664
0 0.21484375 0.7947916666666667 0.046875 0.04583333333333333
0 0.21171875 0.40729166666666666 0.046875 0.03958333333333333
0 0.34375 0.5322916666666667 0.040625 0.03958333333333333
0 0.20546875 0.475 0.04375 0.0375
0 0.20859375 0.5333333333333333 0.04375 0.03958333333333333
0 0.34609375 0.725 0.040625 0.041666666666666664
0 0.79609375 0.646875 0.040625 0.03958333333333333
0 0.79609375 0.46458333333333335 0.04375 0.0375
0 0.79296875 0.5229166666666667 0.04375 0.0375
0 0.79375 0.5895833333333333 0.040625 0.0375
0 0.67421875 0.40208333333333335 0.0375 0.03333333333333333
0 0.60234375 0.4 0.0375 0.035416666666666666
0 0.40703125 0.26458333333333334 0.040625 0.041666666666666664
0 0.60859375 0.525 0.0375 0.0375
0 0.60546875 0.65625 0.0375 0.03958333333333333
0 0.678125 0.2760416666666667 0.040625 0.03958333333333333
0 0.47890625 0.65625 0.0375 0.0375
0 0.41484375 0.7885416666666667 0.040625 0.04375
0 0.4109375 0.5291666666666667 0.0375 0.0375
0 0.60703125 0.7791666666666667 0.040625 0.041666666666666664
0 0.78984375 0.7708333333333334 0.04375 0.041666666666666664
0 0.5453125 0.5291666666666667 0.0375 0.0375
0 0.19609375 0.26458333333333334 0.046875 0.04375
0 0.41015625 0.4 0.0375 0.03333333333333333
0 0.80234375 0.27291666666666664 0.040625 0.041666666666666664
0 0.48203125 0.5979166666666667 0.0375 0.0375
0 0.671875 0.5229166666666667 0.040625 0.0375
0 0.60234375 0.2604166666666667 0.040625 0.0375
0 0.46796875 0.33229166666666665 0.0375 0.035416666666666666
0 0.3375 0.40208333333333335 0.0375 0.0375
0 0.21015625 0.5979166666666667 0.04375 0.03958333333333333