0 0.6234375 0.6416666666666667 0.028125 0.05416666666666667
0 0.5203125 0.7864583333333334 0.028125 0.05416666666666667
0 0.6328125 0.46979166666666666 0.028125 0.05416666666666667
0 0.5484375 0.9447916666666667 0.028125 0.05416666666666667
0 0.7265625 0.49583333333333335 0.03125 0.05416666666666667
0 0.503125 0.9479166666666666 0.028125 0.05416666666666667
0 0.6484375 0.19270833333333334 0.03125 0.058333333333333334
0 0.6 0.9520833333333333 0.028125 0.058333333333333334
0 0.4640625 0.9395833333333333 0.028125 0.05416666666666667
0 0.325 0.5989583333333334 0.03125 0.058333333333333334
0 0.71328125 0.21041666666666667 0.0328125 0.058333333333333334
0 0.61171875 0.18229166666666666 0.0296875 0.05416666666666667
0 0.7140625 0.6489583333333333 0.0296875 0.05416666666666667
0 0.55 0.36770833333333336 0.028125 0.05
0 0.5109375 0.16458333333333333 0.0296875 0.058333333333333334
0 0.55625 0.17708333333333334 0.03125 0.058333333333333334
0 0.5234375 0.7041666666666667 0.028125 0.05416666666666667
0 0.7390625 0.9833333333333333 0.028125 0.03333333333333333
0 0.3390625 0.40520833333333334 0.034375 0.05416666666666667
0 0.7796875 0.975 0.0296875 0.05