0 0.365625 0.9322916666666666 0.025 0.04583333333333333
0 0.51875 0.984375 0.025 0.029166666666666667
0 0.56640625 0.8302083333333333 0.025 0.05
0 0.53125 0.2864583333333333 0.025 0.04583333333333333
0 0.5421875 0.37604166666666666 0.025 0.04583333333333333
0 0.534375 0.909375 0.025 0.05
0 0.325 0.5489583333333333 0.025 0.04583333333333333
0 0.3015625 0.6958333333333333 0.021875 0.041666666666666664
0 0.38671875 0.9927083333333333 0.0203125 0.014583333333333334
0 0.3484375 0.8385416666666666 0.0234375 0.04583333333333333
0 0.23203125 0.7510416666666667 0.025 0.041666666666666664
0 0.33125 0.9114583333333334 0.025 0.04583333333333333
0 0.5734375 0.19270833333333334 0.028125 0.05
0 0.56796875 0.7604166666666666 0.025 0.05
0 0.3234375 0.6760416666666667 0.025 0.04583333333333333
0 0.6546875 0.7458333333333333 0.028125 0.05
0 0.278125 0.6229166666666667 0.025 0.04583333333333333
0 0.59453125 0.5989583333333334 0.0265625 0.05
0 0.3171875 0.740625 0.025 0.04583333333333333
0 0.29140625 0.39479166666666665 0.0265625 0.04583333333333333