0 0.21484375 0.7958333333333333 0.046875 0.04583333333333333
0 0.2109375 0.6666666666666666 0.04375 0.041666666666666664
0 0.20859375 0.5333333333333333 0.04375 0.03958333333333333
0 0.2109375 0.40729166666666666 0.04375 0.03958333333333333
0 0.79609375 0.46458333333333335 0.04375 0.0375
0 0.20546875 0.4739583333333333 0.04375 0.03958333333333333
0 0.47890625 0.65625 0.0375 0.03958333333333333
0 0.19453125 0.33541666666666664 0.046875 0.041666666666666664
0 0.40703125 0.26458333333333334 0.040625 0.041666666666666664
0 0.79296875 0.5229166666666667 0.04375 0.0375
0 0.8015625 0.27395833333333336 0.04375 0.041666666666666664
0 0.47734375 0.46770833333333334 0.0375 0.035416666666666666
0 0.60703125 0.7791666666666667 0.040625 0.041666666666666664
0 0.60546875 0.65625 0.0375 0.03958333333333333
0 0.41484375 0.7895833333333333 0.040625 0.04583333333333333
0 0.78984375 0.7708333333333334 0.04375 0.041666666666666664
0 0.79609375 0.6479166666666667 0.040625 0.041666666666666664
0 0.603125 0.4 0.0375 0.035416666666666666
0 0.60546875 0.525 0.040625 0.0375
0 0.67890625 0.27708333333333335 0.04375 0.041666666666666664
0 0.41015625 0.5291666666666667 0.040625 0.0375
0 0.60234375 0.2604166666666667 0.040625 0.03958333333333333
0 0.41015625 0.4010416666666667 0.0375 0.035416666666666666
0 0.3375 0.4010416666666667 0.040625 0.0375
0 0.73359375 0.5208333333333334 0.040625 0.0375
0 0.67265625 0.5229166666666667 0.040625 0.0375
0 0.6703125 0.7125 0.040625 0.041666666666666664
0 0.21015625 0.5979166666666667 0.04375 0.03958333333333333
0 0.54140625 0.5270833333333333 0.0375 0.0375