0 0.32109375 0.6770833333333334 0.040625 0.041666666666666664
0 0.384375 0.678125 0.040625 0.03958333333333333
0 0.38671875 0.5447916666666667 0.0375 0.035416666666666666
0 0.51015625 0.6072916666666667 0.034375 0.035416666666666666
0 0.19140625 0.47708333333333336 0.04375 0.03958333333333333
0 0.38359375 0.15208333333333332 0.040625 0.04583333333333333
0 0.1875 0.2875 0.04375 0.041666666666666664
0 0.18984375 0.3541666666666667 0.04375 0.041666666666666664
0 0.18671875 0.22395833333333334 0.04375 0.04375
0 0.25234375 0.48125 0.040625 0.0375
0 0.58359375 0.14791666666666667 0.04375 0.04583333333333333
0 0.25546875 0.42083333333333334 0.04375 0.0375
0 0.31640625 0.4197916666666667 0.040625 0.03958333333333333
0 0.57578125 0.678125 0.0375 0.03958333333333333
0 0.44765625 0.4197916666666667 0.040625 0.03958333333333333
0 0.51484375 0.55 0.034375 0.03333333333333333
0 0.2484375 0.22291666666666668 0.04375 0.041666666666666664
0 0.784375 0.35208333333333336 0.04375 0.041666666666666664
0 0.38359375 0.22291666666666668 0.040625 0.041666666666666664
0 0.7875 0.2791666666666667 0.04375 0.041666666666666664
0 0.77890625 0.5447916666666667 0.040625 0.03958333333333333
0 0.6515625 0.4875 0.0375 0.0375
0 0.7 0.48333333333333334 0.040625 0.0375