0 0.41015625 0.659375 0.040625 0.035416666666666666
0 0.5203125 0.8010416666666667 0.0375 0.041666666666666664
0 0.34765625 0.7645833333333333 0.040625 0.03958333333333333
0 0.30078125 0.5260416666666666 0.0375 0.035416666666666666
0 0.74765625 0.6354166666666666 0.040625 0.041666666666666664
0 0.1890625 0.5666666666666667 0.040625 0.03333333333333333
0 0.18515625 0.5083333333333333 0.040625 0.03333333333333333
0 0.1890625 0.4583333333333333 0.040625 0.035416666666666666
0 0.43515625 0.2708333333333333 0.04375 0.041666666666666664
0 0.53671875 0.6697916666666667 0.0375 0.03958333333333333
0 0.43125 0.47604166666666664 0.040625 0.035416666666666666
0 0.74296875 0.6864583333333333 0.04375 0.03958333333333333
0 0.18359375 0.634375 0.040625 0.035416666666666666
0 0.73359375 0.7708333333333334 0.04375 0.04583333333333333
0 0.60859375 0.559375 0.0375 0.03958333333333333
0 0.75 0.565625 0.04375 0.03958333333333333
0 0.36328125 0.5291666666666667 0.0375 0.035416666666666666
0 0.57421875 0.28541666666666665 0.040625 0.04375
0 0.75859375 0.503125 0.040625 0.03958333333333333
0 0.16796875 0.86875 0.040625 0.0375