0 0.52734375 0.20104166666666667 0.0265625 0.05
0 0.49296875 0.12291666666666666 0.0265625 0.051041666666666666
0 0.16875 0.28541666666666665 0.0265625 0.04895833333333333
0 0.5296875 0.2708333333333333 0.02578125 0.05
0 0.4328125 0.8677083333333333 0.03203125 0.06145833333333333
0 0.31875 0.10208333333333333 0.02578125 0.04895833333333333
0 0.24453125 0.3385416666666667 0.0265625 0.046875
0 0.4765625 0.03854166666666667 0.02578125 0.053125
0 0.61953125 0.28020833333333334 0.0296875 0.053125
0 0.33984375 0.026041666666666668 0.0265625 0.04895833333333333
0 0.39453125 0.6645833333333333 0.0296875 0.051041666666666666
0 0.29765625 0.19479166666666667 0.0265625 0.04479166666666667
0 0.2140625 0.41770833333333335 0.02890625 0.046875
0 0.265625 0.359375 0.02734375 0.05
0 0.21953125 0.6697916666666667 0.03125 0.051041666666666666
0 0.28125 0.12291666666666666 0.025 0.04895833333333333
0 0.2609375 0.29270833333333335 0.02734375 0.05
0 0.26328125 0.4947916666666667 0.0296875 0.05
0 0.50390625 0.678125 0.0296875 0.051041666666666666
0 0.5609375 0.4322916666666667 0.02734375 0.05
0 0.41328125 0.007291666666666667 0.0203125 0.014583333333333334
0 0.54296875 0.007291666666666667 0.0234375 0.014583333333333334
0 0.5984375 0.00625 0.02265625 0.0125