0 0.28671875 0.96875 0.0375 0.03958333333333333
0 0.58359375 0.88125 0.040625 0.04375
0 0.21640625 0.46875 0.040625 0.0375
0 0.16015625 0.4583333333333333 0.040625 0.0375
0 0.27890625 0.4708333333333333 0.040625 0.0375
0 0.38984375 0.8979166666666667 0.0375 0.03958333333333333
0 0.16328125 0.584375 0.040625 0.0375
0 0.16484375 0.5166666666666667 0.040625 0.0375
0 0.353125 0.8333333333333334 0.040625 0.041666666666666664
0 0.72734375 0.440625 0.04375 0.041666666666666664
0 0.39296875 0.48333333333333334 0.040625 0.0375
0 0.30234375 0.8416666666666667 0.0375 0.03958333333333333
0 0.58203125 0.5 0.0375 0.0375
0 0.5640625 0.6270833333333333 0.0375 0.0375
0 0.15859375 0.8135416666666667 0.0375 0.0375
0 0.71328125 0.63125 0.04375 0.041666666666666664
0 0.47265625 0.22083333333333333 0.04375 0.04583333333333333
0 0.14453125 0.7625 0.0375 0.0375
0 0.51015625 0.48541666666666666 0.0375 0.03958333333333333
0 0.71875 0.5708333333333333 0.040625 0.0375
0 0.71953125 0.5041666666666667 0.04375 0.041666666666666664