0 0.36796875 0.7385416666666667 0.0296875 0.058333333333333334
0 0.36640625 0.6520833333333333 0.0296875 0.05
0 0.56328125 0.9072916666666667 0.0296875 0.05416666666666667
0 0.559375 0.828125 0.028125 0.05416666666666667
0 0.46640625 0.6510416666666666 0.0265625 0.05
0 0.51796875 0.9135416666666667 0.0296875 0.058333333333333334
0 0.7609375 0.6552083333333333 0.03125 0.05416666666666667
0 0.41875 0.4864583333333333 0.025 0.04583333333333333
0 0.659375 0.9166666666666666 0.03125 0.058333333333333334
0 0.5140625 0.8302083333333333 0.028125 0.05416666666666667
0 0.70625 0.9166666666666666 0.03125 0.05416666666666667
0 0.56015625 0.7447916666666666 0.028125 0.05416666666666667
0 0.56015625 0.5697916666666667 0.028125 0.05416666666666667
0 0.6109375 0.6552083333333333 0.0296875 0.05416666666666667
0 0.7640625 0.3885416666666667 0.034375 0.058333333333333334
0 0.7078125 0.8354166666666667 0.03125 0.058333333333333334
0 0.36640625 0.396875 0.028125 0.05
0 0.4625 0.48020833333333335 0.025 0.04583333333333333
0 0.66484375 0.11770833333333333 0.0328125 0.058333333333333334
0 0.465625 0.128125 0.028125 0.05416666666666667
0 0.51015625 0.29583333333333334 0.028125 0.05
0 0.5609375 0.21770833333333334 0.028125 0.05416666666666667
0 0.5125 0.23333333333333334 0.028125 0.05416666666666667