0 0.3953125 0.7416666666666667 0.4 0.74375 0.4046875 0.75 0.40625 0.775 0.403125 0.7875 0.39375 0.7958333333333333 0.3890625 0.7958333333333333 0.3796875 0.7833333333333333 0.3796875 0.7604166666666666 0.384375 0.7479166666666667 0.3875 0.74375 0.39375 0.7416666666666667
0 0.475 0.8125 0.4703125 0.79375 0.471875 0.7916666666666666 0.471875 0.7770833333333333 0.478125 0.7645833333333333 0.4890625 0.7645833333333333 0.49375 0.7708333333333334 0.496875 0.7958333333333333 0.4953125 0.80625 0.4875 0.8166666666666667 0.4796875 0.8166666666666667 0.4765625 0.8125
0 0.865625 0.79375 0.878125 0.8083333333333333 0.8796875 0.81875 0.875 0.8375 0.8703125 0.8416666666666667 0.8625 0.8416666666666667 0.853125 0.8270833333333333 0.85 0.8145833333333333 0.8546875 0.7979166666666667 0.859375 0.79375 0.8640625 0.79375
0 0.8140625 0.64375 0.8296875 0.6583333333333333 0.83125 0.6708333333333333 0.828125 0.6833333333333333 0.821875 0.6916666666666667 0.8125 0.6916666666666667 0.803125 0.6791666666666667 0.8015625 0.6583333333333333 0.80625 0.6479166666666667 0.8125 0.6458333333333334
0 0.70625 0.9791666666666666 0.7140625 0.9895833333333334 0.715625 0.9979166666666667 0.690625 0.9979166666666667 0.69375 0.9854166666666667 0.7 0.9791666666666666 0.7046875 0.9791666666666666
0 0.7484375 0.9645833333333333 0.75625 0.98125 0.75625 0.9979166666666667 0.7328125 0.9979166666666667 0.73125 0.99375 0.7296875 0.9875 0.73125 0.9708333333333333 0.7390625 0.9604166666666667 0.74375 0.9604166666666667 0.746875 0.9645833333333333
0 0.7796875 0.7895833333333333 0.78125 0.7979166666666667 0.7796875 0.8145833333333333 0.771875 0.825 0.7640625 0.825 0.7578125 0.8166666666666667 0.753125 0.8041666666666667 0.753125 0.7895833333333333 0.7546875 0.7833333333333333 0.759375 0.7770833333333333 0.7703125 0.7770833333333333 0.778125 0.7895833333333333
0 0.546875 0.14791666666666667 0.5546875 0.15625 0.5578125 0.16458333333333333 0.5578125 0.17708333333333334 0.5546875 0.19166666666666668 0.5484375 0.2 0.5453125 0.2 0.5421875 0.20416666666666666 0.5390625 0.20416666666666666 0.53125 0.19583333333333333 0.528125 0.1875 0.528125 0.16666666666666666 0.5296875 0.15833333333333333 0.5375 0.14791666666666667 0.5453125 0.14791666666666667
0 0.4890625 0.23541666666666666 0.496875 0.24375 0.5015625 0.2604166666666667 0.5015625 0.2708333333333333 0.4984375 0.28125 0.49375 0.2875 0.4890625 0.28958333333333336 0.48125 0.2875 0.475 0.2791666666666667 0.4734375 0.27291666666666664 0.4734375 0.25 0.4828125 0.23541666666666666 0.4875 0.23541666666666666
0 0.8140625 0.38125 0.821875 0.38958333333333334 0.825 0.4 0.8234375 0.4166666666666667 0.8203125 0.425 0.815625 0.42916666666666664 0.8046875 0.42916666666666664 0.7984375 0.425 0.79375 0.4166666666666667 0.79375 0.39791666666666664 0.796875 0.38958333333333334 0.8046875 0.38125 0.8125 0.38125
0 0.7671875 0.55625 0.778125 0.5708333333333333 0.778125 0.5916666666666667 0.76875 0.6041666666666666 0.7609375 0.6041666666666666 0.753125 0.5958333333333333 0.75 0.5875 0.75 0.56875 0.7515625 0.5645833333333333 0.7578125 0.55625 0.765625 0.55625
0 0.778125 0.7270833333333333 0.7859375 0.7270833333333333 0.790625 0.73125 0.796875 0.7395833333333334 0.7984375 0.7458333333333333 0.7984375 0.7583333333333333 0.79375 0.7708333333333334 0.7890625 0.775 0.7796875 0.7729166666666667 0.775 0.7666666666666667 0.7703125 0.7541666666666667 0.7703125 0.7458333333333333 0.778125 0.7291666666666666
0 0.4609375 0.5895833333333333 0.46875 0.6 0.4703125 0.6229166666666667 0.4671875 0.6333333333333333 0.45625 0.6416666666666667 0.4515625 0.6395833333333333 0.44375 0.625 0.44375 0.60625 0.45 0.59375 0.4546875 0.5895833333333333 0.459375 0.5895833333333333
0 0.728125 0.8770833333333333 0.7390625 0.89375 0.740625 0.9 0.740625 0.9125 0.7375 0.9208333333333333 0.7296875 0.9291666666666667 0.7265625 0.9291666666666667 0.71875 0.9208333333333333 0.7140625 0.90625 0.715625 0.8854166666666666 0.721875 0.8770833333333333 0.7265625 0.8770833333333333
0 0.5890625 0.17083333333333334 0.596875 0.17916666666666667 0.5984375 0.20833333333333334 0.5859375 0.225 0.5796875 0.225 0.571875 0.21458333333333332 0.5703125 0.21041666666666667 0.5703125 0.18958333333333333 0.5765625 0.17291666666666666 0.58125 0.16875 0.5875 0.17083333333333334
0 0.4875 0.8395833333333333 0.4953125 0.85 0.496875 0.8729166666666667 0.49375 0.8854166666666666 0.4890625 0.8916666666666667 0.484375 0.89375 0.4765625 0.8916666666666667 0.4734375 0.8875 0.4703125 0.8770833333333333 0.4703125 0.8604166666666667 0.4734375 0.8479166666666667 0.478125 0.8416666666666667 0.4859375 0.8395833333333333
0 0.5109375 0.93125 0.5171875 0.9291666666666667 0.5234375 0.93125 0.5296875 0.9458333333333333 0.5296875 0.9708333333333333 0.5265625 0.9791666666666666 0.5234375 0.9833333333333333 0.5125 0.9833333333333333 0.50625 0.975 0.5046875 0.9645833333333333 0.5046875 0.9479166666666666 0.5109375 0.9333333333333333
0 0.753125 0.7020833333333333 0.7625 0.7 0.775 0.7166666666666667 0.775 0.7354166666666667 0.7734375 0.7395833333333334 0.765625 0.7479166666666667 0.759375 0.7479166666666667 0.7484375 0.7333333333333333 0.746875 0.725 0.7484375 0.7104166666666667 0.753125 0.7041666666666667