0 0.2859375 0.3072916666666667 0.0328125 0.05520833333333333
0 0.484375 0.04895833333333333 0.02890625 0.059375
0 0.3359375 0.21979166666666666 0.03203125 0.06145833333333333
0 0.38125 0.20520833333333333 0.03125 0.058333333333333334
0 0.6421875 0.209375 0.03359375 0.0625
0 0.375 0.38645833333333335 0.03125 0.057291666666666664
0 0.4796875 0.21458333333333332 0.03046875 0.059375
0 0.53203125 0.04791666666666667 0.03125 0.0625
0 0.384375 0.04895833333333333 0.03125 0.0625
0 0.4359375 0.051041666666666666 0.03046875 0.06145833333333333
0 0.6953125 0.2864583333333333 0.03515625 0.0625
0 0.48125 0.3072916666666667 0.03046875 0.05520833333333333
0 0.315625 0.8666666666666667 0.03359375 0.06354166666666666
0 0.34453125 0.036458333333333336 0.03125 0.059375
0 0.6890625 0.03854166666666667 0.03515625 0.065625
0 0.3734375 0.5739583333333333 0.03046875 0.05416666666666667
0 0.4109375 0.878125 0.03203125 0.0625
0 0.3109375 0.7635416666666667 0.03359375 0.057291666666666664
0 0.5203125 0.8864583333333333 0.03125 0.065625
0 0.58515625 0.890625 0.034375 0.06666666666666667
0 0.2671875 0.5677083333333334 0.0328125 0.05520833333333333
0 0.5875 0.590625 0.03203125 0.05520833333333333
0 0.46875 0.878125 0.03046875 0.0625
0 0.7046875 0.8916666666666667 0.03828125 0.06979166666666667
0 0.65390625 0.8885416666666667 0.0359375 0.06770833333333333
0 0.5890625 0.3885416666666667 0.03203125 0.057291666666666664
0 0.6921875 0.6010416666666667 0.0375 0.06145833333333333
0 0.4765625 0.48020833333333335 0.02890625 0.05520833333333333
0 0.47109375 0.6739583333333333 0.0296875 0.05416666666666667
0 0.36875 0.8739583333333333 0.03046875 0.059375