0 0.1875 0.603125 0.03046875 0.051041666666666666
0 0.178125 0.3572916666666667 0.02890625 0.05
0 0.1328125 0.225 0.02890625 0.05
0 0.2296875 0.43333333333333335 0.02890625 0.05
0 0.40859375 0.06770833333333333 0.0265625 0.051041666666666666
0 0.6640625 0.46979166666666666 0.03359375 0.057291666666666664
0 0.41171875 0.78125 0.0296875 0.05416666666666667
0 0.4984375 0.06354166666666666 0.0265625 0.053125
0 0.2453125 0.06041666666666667 0.0265625 0.04895833333333333
0 0.2265625 0.309375 0.02890625 0.05
0 0.45625 0.07083333333333333 0.02578125 0.053125
0 0.490625 0.13645833333333332 0.0265625 0.051041666666666666
0 0.428125 0.3572916666666667 0.02734375 0.053125
0 0.221875 0.24479166666666666 0.028125 0.051041666666666666
0 0.4890625 0.21770833333333334 0.02734375 0.053125
0 0.4171875 0.5885416666666666 0.02734375 0.04895833333333333
0 0.2828125 0.040625 0.02734375 0.051041666666666666
0 0.471875 0.515625 0.02734375 0.051041666666666666
0 0.5 0.796875 0.02890625 0.05416666666666667
0 0.4609375 0.609375 0.02734375 0.04895833333333333
0 0.46484375 0.68125 0.028125 0.051041666666666666