0 0.54375 0.6791666666666667 0.040625 0.041666666666666664
0 0.15234375 0.5 0.04375 0.03958333333333333
0 0.3921875 0.010416666666666666 0.040625 0.020833333333333332
0 0.7203125 0.275 0.04375 0.04375
0 0.4 0.69375 0.040625 0.04375
0 0.2703125 0.43125 0.040625 0.0375
0 0.1515625 0.31875 0.04375 0.0375
0 0.30078125 0.05625 0.040625 0.041666666666666664
0 0.35234375 0.06458333333333334 0.040625 0.041666666666666664
0 0.5 0.1625 0.040625 0.04375
0 0.15 0.4479166666666667 0.040625 0.0375
0 0.15390625 0.38645833333333335 0.04375 0.0375
0 0.58515625 0.40208333333333335 0.0375 0.03958333333333333
0 0.38515625 0.23541666666666666 0.040625 0.041666666666666664
0 0.72578125 0.325 0.04375 0.041666666666666664
0 0.45078125 0.28854166666666664 0.040625 0.03958333333333333
0 0.3328125 0.4270833333333333 0.0375 0.0375
0 0.1375 0.13541666666666666 0.025 0.03958333333333333
0 0.73359375 0.4583333333333333 0.04375 0.041666666666666664
0 0.146875 0.08333333333333333 0.040625 0.03958333333333333
0 0.7265625 0.39791666666666664 0.04375 0.041666666666666664
0 0.2640625 0.19270833333333334 0.040625 0.03958333333333333