0 0.365625 0.7458333333333333 0.375 0.75625 0.375 0.76875 0.3625 0.7854166666666667 0.34375 0.7833333333333333 0.3359375 0.7729166666666667 0.3359375 0.7625 0.3453125 0.7479166666666667 0.3640625 0.7458333333333333
0 0.1640625 0.21666666666666667 0.178125 0.22708333333333333 0.18125 0.23333333333333334 0.18125 0.24583333333333332 0.178125 0.2520833333333333 0.1671875 0.25833333333333336 0.1453125 0.2520833333333333 0.1390625 0.24583333333333332 0.1359375 0.23541666666666666 0.1390625 0.22291666666666668 0.14375 0.21875 0.153125 0.21458333333333332 0.1625 0.21666666666666667
0 0.371875 0.49583333333333335 0.378125 0.5041666666666667 0.3796875 0.5145833333333333 0.375 0.5229166666666667 0.3640625 0.5291666666666667 0.346875 0.5270833333333333 0.3390625 0.51875 0.3375 0.5104166666666666 0.3390625 0.5041666666666667 0.3484375 0.49375 0.3640625 0.49166666666666664 0.3703125 0.49583333333333335
0 0.7890625 0.20416666666666666 0.796875 0.20625 0.803125 0.2125 0.80625 0.21875 0.80625 0.23125 0.8 0.24166666666666667 0.7921875 0.24791666666666667 0.7796875 0.2520833333333333 0.76875 0.25 0.7609375 0.24166666666666667 0.759375 0.23541666666666666 0.7609375 0.22291666666666668 0.7703125 0.21041666666666667 0.7875 0.20416666666666666
0 0.590625 0.225 0.59375 0.23125 0.59375 0.25 0.5875 0.2604166666666667 0.578125 0.26458333333333334 0.5703125 0.26458333333333334 0.5625 0.2604166666666667 0.5546875 0.25 0.553125 0.24166666666666667 0.5546875 0.23125 0.5609375 0.22291666666666668 0.56875 0.21875 0.58125 0.21875 0.5890625 0.225
0 0.4265625 0.63125 0.434375 0.6375 0.4375 0.6479166666666667 0.428125 0.6645833333333333 0.4203125 0.66875 0.4109375 0.66875 0.4015625 0.6645833333333333 0.396875 0.6541666666666667 0.396875 0.64375 0.4015625 0.6354166666666666 0.4078125 0.63125 0.425 0.63125
0 0.69375 0.7125 0.703125 0.7229166666666667 0.703125 0.7270833333333333 0.70625 0.73125 0.70625 0.7395833333333334 0.7015625 0.7479166666666667 0.6921875 0.7520833333333333 0.684375 0.7520833333333333 0.6734375 0.7458333333333333 0.6671875 0.7333333333333333 0.6671875 0.725 0.6703125 0.7166666666666667 0.68125 0.7104166666666667 0.690625 0.7104166666666667 0.6921875 0.7125
0 0.175 0.6208333333333333 0.184375 0.6291666666666667 0.1859375 0.6395833333333333 0.184375 0.6458333333333334 0.178125 0.6520833333333333 0.165625 0.6583333333333333 0.15625 0.6583333333333333 0.1484375 0.6541666666666667 0.1421875 0.64375 0.1421875 0.6354166666666666 0.1484375 0.625 0.15625 0.6208333333333333 0.165625 0.6208333333333333 0.1671875 0.61875 0.1734375 0.6208333333333333
0 0.184375 0.55625 0.1890625 0.5666666666666667 0.1875 0.5770833333333333 0.1828125 0.5833333333333334 0.16875 0.5895833333333333 0.159375 0.5895833333333333 0.1515625 0.5854166666666667 0.1453125 0.575 0.1453125 0.5645833333333333 0.1484375 0.5583333333333333 0.1625 0.5520833333333334 0.1765625 0.5520833333333334 0.1828125 0.55625
0 0.6171875 0.2875 0.6296875 0.28125 0.6390625 0.28125 0.64375 0.2833333333333333 0.653125 0.29583333333333334 0.653125 0.30625 0.646875 0.31875 0.6375 0.325 0.6234375 0.325 0.6171875 0.32083333333333336 0.6109375 0.30833333333333335 0.6109375 0.3 0.6140625 0.2916666666666667 0.6171875 0.28958333333333336
0 0.30625 0.6833333333333333 0.3125 0.6895833333333333 0.3140625 0.7 0.3125 0.70625 0.30625 0.7145833333333333 0.296875 0.7208333333333333 0.2828125 0.7208333333333333 0.2796875 0.71875 0.2734375 0.7104166666666667 0.271875 0.7 0.2765625 0.6895833333333333 0.2890625 0.68125 0.3046875 0.6833333333333333
0 0.778125 0.5854166666666667 0.7875 0.5916666666666667 0.79375 0.6020833333333333 0.79375 0.6083333333333333 0.790625 0.6166666666666667 0.78125 0.625 0.7640625 0.6229166666666667 0.7515625 0.6125 0.7515625 0.6083333333333333 0.7484375 0.6041666666666666 0.7484375 0.5979166666666667 0.75625 0.5875 0.7671875 0.5833333333333334 0.7765625 0.5854166666666667
0 0.634375 0.5083333333333333 0.640625 0.5145833333333333 0.6453125 0.5291666666666667 0.640625 0.5375 0.63125 0.54375 0.615625 0.5416666666666666 0.6078125 0.5333333333333333 0.60625 0.5229166666666667 0.609375 0.5145833333333333 0.6171875 0.5083333333333333 0.6234375 0.50625 0.63125 0.50625 0.6328125 0.5083333333333333
0 0.5359375 0.6625 0.5328125 0.65625 0.5328125 0.6479166666666667 0.5390625 0.6375 0.5453125 0.6333333333333333 0.5640625 0.6354166666666666 0.5703125 0.6479166666666667 0.5703125 0.65625 0.559375 0.6708333333333333 0.5453125 0.6708333333333333 0.5390625 0.6666666666666666 0.5375 0.6625
0 0.778125 0.5104166666666666 0.7875 0.5166666666666667 0.79375 0.5270833333333333 0.790625 0.5395833333333333 0.7828125 0.5479166666666667 0.7640625 0.5479166666666667 0.7546875 0.5416666666666666 0.7484375 0.53125 0.7484375 0.5270833333333333 0.7546875 0.5145833333333333 0.7625 0.5104166666666666 0.7765625 0.5104166666666666
0 0.790625 0.4479166666666667 0.796875 0.45416666666666666 0.8 0.4666666666666667 0.796875 0.475 0.7828125 0.48333333333333334 0.76875 0.48333333333333334 0.7609375 0.4791666666666667 0.7546875 0.4708333333333333 0.7546875 0.45625 0.7671875 0.44583333333333336 0.7875 0.44583333333333336 0.7890625 0.4479166666666667
0 0.29375 0.6229166666666667 0.303125 0.63125 0.3046875 0.6395833333333333 0.3 0.65 0.2890625 0.6583333333333333 0.271875 0.6583333333333333 0.26875 0.65625 0.2640625 0.65 0.2609375 0.6375 0.2703125 0.625 0.28125 0.6208333333333333 0.290625 0.6208333333333333 0.2921875 0.6229166666666667
0 0.765625 0.6583333333333333 0.046875 0.041666666666666664
0 0.303125 0.4979166666666667 0.309375 0.5041666666666667 0.3109375 0.51875 0.30625 0.5270833333333333 0.29375 0.5333333333333333 0.2859375 0.5333333333333333 0.2765625 0.5291666666666667 0.2703125 0.5208333333333334 0.2703125 0.50625 0.275 0.5 0.2828125 0.49583333333333335 0.3 0.49583333333333335 0.3015625 0.4979166666666667
0 0.43125 0.3645833333333333 0.440625 0.37083333333333335 0.4453125 0.38125 0.44375 0.39375 0.4390625 0.4 0.434375 0.40208333333333335 0.4171875 0.40208333333333335 0.4078125 0.3958333333333333 0.4046875 0.38958333333333334 0.4046875 0.3770833333333333 0.4078125 0.37083333333333335 0.415625 0.3645833333333333 0.4234375 0.3625 0.4296875 0.3645833333333333
0 0.175 0.4270833333333333 0.184375 0.43333333333333335 0.1875 0.4395833333333333 0.1875 0.45 0.184375 0.45625 0.16875 0.4625 0.1515625 0.46041666666666664 0.14375 0.4479166666666667 0.14375 0.4354166666666667 0.1453125 0.43125 0.15625 0.425 0.171875 0.425 0.1734375 0.4270833333333333
0 0.553125 0.7708333333333334 0.5578125 0.7729166666666667 0.565625 0.7875 0.5625 0.8041666666666667 0.5546875 0.8125 0.5359375 0.8104166666666667 0.5296875 0.8041666666666667 0.5265625 0.7958333333333333 0.5265625 0.7875 0.5296875 0.7770833333333333 0.5359375 0.7708333333333334 0.54375 0.76875 0.5515625 0.7708333333333334
0 0.765625 0.7041666666666667 0.7734375 0.7083333333333334 0.78125 0.71875 0.78125 0.7333333333333333 0.7765625 0.7416666666666667 0.7703125 0.7458333333333333 0.7578125 0.7458333333333333 0.7515625 0.7416666666666667 0.7421875 0.73125 0.7390625 0.7229166666666667 0.7390625 0.7166666666666667 0.7453125 0.70625 0.7640625 0.7041666666666667
0 0.5671875 0.35833333333333334 0.575 0.3645833333333333 0.578125 0.37083333333333335 0.578125 0.3854166666666667 0.565625 0.39791666666666664 0.5515625 0.39791666666666664 0.5390625 0.3854166666666667 0.5390625 0.37083333333333335 0.5421875 0.3645833333333333 0.5515625 0.35833333333333334 0.565625 0.35833333333333334
0 0.7890625 0.2708333333333333 0.8 0.27708333333333335 0.803125 0.28125 0.8046875 0.2916666666666667 0.796875 0.30833333333333335 0.7890625 0.3104166666666667 0.784375 0.3145833333333333 0.76875 0.3145833333333333 0.765625 0.3125 0.7578125 0.30416666666666664 0.75625 0.2916666666666667 0.7609375 0.28125 0.765625 0.27708333333333335 0.7765625 0.2708333333333333 0.7875 0.2708333333333333
0 0.1640625 0.66875 0.16875 0.6708333333333333 0.175 0.6791666666666667 0.1765625 0.6875 0.175 0.69375 0.1703125 0.7 0.1671875 0.7 0.15625 0.7083333333333334 0.1484375 0.7083333333333334 0.1390625 0.7041666666666667 0.134375 0.6958333333333333 0.134375 0.6833333333333333 0.1375 0.6770833333333334 0.14375 0.6729166666666667 0.1625 0.66875
0 0.559375 0.5083333333333333 0.565625 0.5145833333333333 0.56875 0.525 0.5625 0.5375 0.553125 0.54375 0.540625 0.5416666666666666 0.534375 0.5375 0.5296875 0.5270833333333333 0.5296875 0.51875 0.5421875 0.50625 0.55625 0.50625 0.5578125 0.5083333333333333
0 0.7921875 0.3625 0.803125 0.3729166666666667 0.803125 0.3854166666666667 0.796875 0.3958333333333333 0.784375 0.40208333333333335 0.771875 0.40208333333333335 0.7640625 0.39791666666666664 0.7578125 0.38958333333333334 0.7578125 0.375 0.7625 0.36875 0.771875 0.3625 0.7796875 0.36041666666666666 0.790625 0.3625
0 0.1796875 0.49166666666666664 0.1875 0.5 0.1875 0.5125 0.1796875 0.5208333333333334 0.1671875 0.525 0.1578125 0.525 0.15 0.5208333333333334 0.14375 0.5104166666666666 0.1453125 0.49583333333333335 0.159375 0.4875 0.171875 0.4875 0.178125 0.49166666666666664
0 0.29375 0.2833333333333333 0.3 0.2875 0.309375 0.30416666666666664 0.3078125 0.3125 0.296875 0.3229166666666667 0.2796875 0.32083333333333336 0.2703125 0.3145833333333333 0.2640625 0.3020833333333333 0.2671875 0.28958333333333336 0.271875 0.2833333333333333 0.2765625 0.28125 0.290625 0.28125 0.2921875 0.2833333333333333
0 0.3 0.36041666666666666 0.3125 0.3729166666666667 0.3125 0.3854166666666667 0.309375 0.39166666666666666 0.303125 0.3958333333333333 0.2828125 0.3958333333333333 0.2703125 0.3854166666666667 0.26875 0.375 0.2703125 0.36875 0.2796875 0.35833333333333334 0.296875 0.35833333333333334 0.2984375 0.36041666666666666
0 0.353125 0.2125 0.365625 0.22708333333333333 0.3671875 0.23541666666666666 0.365625 0.24583333333333332 0.35625 0.25416666666666665 0.34375 0.25416666666666665 0.3296875 0.24583333333333332 0.3234375 0.23125 0.325 0.22291666666666668 0.3296875 0.21458333333333332 0.3359375 0.21041666666666667 0.35 0.21041666666666667 0.3515625 0.2125