0 0.55390625 0.8666666666666667 0.0296875 0.05416666666666667
0 0.5 0.16770833333333332 0.03125 0.0625
0 0.4625 0.17604166666666668 0.03125 0.058333333333333334
0 0.5546875 0.790625 0.0296875 0.058333333333333334
0 0.5171875 0.953125 0.028125 0.058333333333333334
0 0.1703125 0.790625 0.028125 0.05
0 0.2296875 0.38229166666666664 0.03125 0.05416666666666667
0 0.2734375 0.559375 0.03125 0.052083333333333336
0 0.328125 0.978125 0.028125 0.041666666666666664
0 0.65078125 0.7739583333333333 0.0328125 0.058333333333333334
0 0.2515625 0.7302083333333333 0.0296875 0.05416666666666667
0 0.46953125 0.3645833333333333 0.0296875 0.05
0 0.30625 0.8833333333333333 0.028125 0.05416666666666667
0 0.5859375 0.6145833333333334 0.03125 0.058333333333333334
0 0.2890625 0.9645833333333333 0.028125 0.05416666666666667
0 0.26875 0.7802083333333333 0.028125 0.05416666666666667
0 0.275 0.7052083333333333 0.0296875 0.05416666666666667
0 0.22109375 0.646875 0.0296875 0.05