0 0.5140625 0.8677083333333333 0.0265625 0.05416666666666667
0 0.515625 0.7864583333333334 0.0265625 0.05416666666666667
0 0.5984375 0.9385416666666667 0.0265625 0.05
0 0.54921875 0.9354166666666667 0.0265625 0.05416666666666667
0 0.50625 0.9427083333333334 0.025 0.05
0 0.63828125 0.21770833333333334 0.03125 0.05416666666666667
0 0.584375 0.409375 0.028125 0.05
0 0.7265625 0.9625 0.028125 0.05
0 0.8765625 0.7739583333333333 0.028125 0.05
0 0.7640625 0.9447916666666667 0.0265625 0.05
0 0.54609375 0.21145833333333333 0.0296875 0.058333333333333334
0 0.50078125 0.20104166666666667 0.0296875 0.058333333333333334
0 0.54140625 0.38958333333333334 0.0265625 0.05
0 0.59453125 0.21145833333333333 0.0296875 0.05416666666666667
0 0.3375 0.5322916666666667 0.03125 0.05416666666666667
0 0.7859375 0.753125 0.028125 0.05
0 0.5765625 0.6427083333333333 0.025 0.05
0 0.53046875 0.484375 0.0265625 0.05
0 0.828125 0.6416666666666667 0.028125 0.05
0 0.8171875 0.38958333333333334 0.03125 0.05416666666666667
0 0.78046875 0.6875 0.0296875 0.05