0 0.4765625 0.828125 0.028125 0.05
0 0.47890625 0.7458333333333333 0.0265625 0.05
0 0.46875 0.9020833333333333 0.025 0.05416666666666667
0 0.5125 0.8958333333333334 0.025 0.05
0 0.5609375 0.8989583333333333 0.028125 0.05416666666666667
0 0.6875 0.9270833333333334 0.025 0.05
0 0.6671875 0.9895833333333334 0.0265625 0.020833333333333332
0 0.60078125 0.18229166666666666 0.0296875 0.05416666666666667
0 0.725 0.909375 0.025 0.05
0 0.5484375 0.3729166666666667 0.028125 0.05
0 0.503125 0.35 0.028125 0.05
0 0.5578125 0.171875 0.028125 0.05416666666666667
0 0.8359375 0.7427083333333333 0.028125 0.05
0 0.49296875 0.44479166666666664 0.0265625 0.04583333333333333
0 0.4890625 0.5979166666666667 0.028125 0.05
0 0.50859375 0.16979166666666667 0.0296875 0.05416666666666667
0 0.7453125 0.7197916666666667 0.028125 0.05
0 0.29765625 0.48854166666666665 0.034375 0.05416666666666667
0 0.73984375 0.6552083333333333 0.028125 0.05
0 0.7875 0.609375 0.028125 0.05
0 0.7765625 0.36041666666666666 0.03125 0.05
0 0.4625 0.15729166666666666 0.03125 0.05416666666666667