0 0.65 0.6520833333333333 0.6546875 0.6541666666666667 0.665625 0.6708333333333333 0.665625 0.68125 0.6671875 0.6833333333333333 0.6640625 0.7 0.6609375 0.70625 0.6546875 0.7104166666666667 0.6453125 0.7104166666666667 0.640625 0.70625 0.6375 0.7020833333333333 0.6328125 0.6854166666666667 0.6328125 0.6645833333333333 0.6359375 0.65625 0.64375 0.65 0.6484375 0.6520833333333333
0 0.23125 0.7541666666666667 0.2375 0.7666666666666667 0.2375 0.7854166666666667 0.2296875 0.8020833333333334 0.2234375 0.8083333333333333 0.209375 0.80625 0.2046875 0.7958333333333333 0.203125 0.7729166666666667 0.2046875 0.7666666666666667 0.2203125 0.75 0.2265625 0.75 0.2296875 0.7541666666666667
0 0.4328125 0.7354166666666667 0.4390625 0.7416666666666667 0.4421875 0.75 0.4421875 0.7729166666666667 0.4390625 0.7833333333333333 0.43125 0.79375 0.4203125 0.7916666666666666 0.415625 0.7854166666666667 0.4109375 0.76875 0.4109375 0.7625 0.4171875 0.7416666666666667 0.4234375 0.7354166666666667 0.428125 0.7333333333333333 0.43125 0.7354166666666667
0 0.4328125 0.6375 0.4390625 0.6416666666666667 0.4421875 0.6479166666666667 0.4453125 0.6666666666666666 0.4421875 0.6833333333333333 0.4390625 0.6895833333333333 0.4296875 0.6958333333333333 0.41875 0.6895833333333333 0.4140625 0.6729166666666667 0.4140625 0.6625 0.4203125 0.64375 0.4265625 0.6375 0.43125 0.6375
0 0.075 0.54375 0.08125 0.5520833333333334 0.084375 0.56875 0.0796875 0.5854166666666667 0.0671875 0.5958333333333333 0.0609375 0.5958333333333333 0.053125 0.5895833333333333 0.0484375 0.5729166666666666 0.0484375 0.5625 0.0515625 0.55 0.05625 0.5458333333333333 0.065625 0.5416666666666666 0.0734375 0.54375
0 0.33125 0.7479166666666667 0.3421875 0.7625 0.3421875 0.78125 0.3390625 0.79375 0.33125 0.80625 0.31875 0.80625 0.3125 0.7979166666666667 0.309375 0.7854166666666667 0.3109375 0.7666666666666667 0.3203125 0.75 0.3296875 0.7479166666666667
0 0.2890625 0.959375 0.034375 0.0625
0 0.3609375 0.2625 0.3703125 0.27291666666666664 0.3734375 0.2833333333333333 0.3734375 0.3 0.3703125 0.3104166666666667 0.359375 0.31875 0.35 0.3145833333333333 0.34375 0.30416666666666664 0.340625 0.29375 0.340625 0.28125 0.34375 0.2708333333333333 0.3515625 0.2625 0.359375 0.2625
0 0.6515625 0.32916666666666666 0.6578125 0.3416666666666667 0.659375 0.35625 0.65625 0.37083333333333335 0.6453125 0.3854166666666667 0.6375 0.3854166666666667 0.6265625 0.3729166666666667 0.6234375 0.3645833333333333 0.6234375 0.35 0.6296875 0.3333333333333333 0.634375 0.32916666666666666 0.6421875 0.325 0.65 0.32916666666666666
0 0.4171875 0.0375 0.425 0.0625 0.425 0.08125 0.41875 0.09791666666666667 0.4125 0.10208333333333333 0.4078125 0.10208333333333333 0.396875 0.08958333333333333 0.3921875 0.07708333333333334 0.390625 0.0625 0.3921875 0.06041666666666667 0.3921875 0.04583333333333333 0.396875 0.0375 0.403125 0.03333333333333333 0.4125 0.03333333333333333 0.415625 0.0375
0 0.4671875 0.029166666666666667 0.471875 0.03333333333333333 0.475 0.04375 0.4765625 0.07708333333333334 0.4703125 0.08958333333333333 0.465625 0.09375 0.45625 0.09375 0.4453125 0.07291666666666667 0.4453125 0.05 0.45 0.03333333333333333 0.45625 0.027083333333333334 0.4640625 0.027083333333333334 0.465625 0.029166666666666667
0 0.2109375 0.375 0.2171875 0.38958333333333334 0.2171875 0.4083333333333333 0.215625 0.41458333333333336 0.2109375 0.42083333333333334 0.2015625 0.425 0.1921875 0.425 0.184375 0.4166666666666667 0.18125 0.4083333333333333 0.1796875 0.38958333333333334 0.1828125 0.37916666666666665 0.1890625 0.37083333333333335 0.20625 0.37083333333333335 0.209375 0.375
0 0.3140625 0.36041666666666666 0.3234375 0.36666666666666664 0.328125 0.375 0.3296875 0.3854166666666667 0.328125 0.40208333333333335 0.3203125 0.41458333333333336 0.30625 0.41458333333333336 0.2984375 0.40625 0.2953125 0.39791666666666664 0.2953125 0.38333333333333336 0.2984375 0.36875 0.303125 0.3625 0.3125 0.36041666666666666
0 0.490625 0.9104166666666667 0.4984375 0.925 0.4984375 0.9479166666666666 0.4953125 0.9625 0.490625 0.96875 0.484375 0.9708333333333333 0.4765625 0.96875 0.4734375 0.9645833333333333 0.46875 0.95 0.46875 0.9354166666666667 0.471875 0.9166666666666666 0.4765625 0.9104166666666667 0.4796875 0.9083333333333333 0.4875 0.9083333333333333 0.4890625 0.9104166666666667
0 0.35 0.03333333333333333 0.359375 0.04583333333333333 0.365625 0.06666666666666667 0.3640625 0.08541666666666667 0.359375 0.09791666666666667 0.35625 0.09791666666666667 0.353125 0.10208333333333333 0.3484375 0.10208333333333333 0.3390625 0.09375 0.3328125 0.08333333333333333 0.3296875 0.07291666666666667 0.3296875 0.05 0.33125 0.04583333333333333 0.340625 0.03333333333333333 0.3484375 0.03333333333333333
0 0.23125 0.6479166666666667 0.2375 0.6541666666666667 0.240625 0.6625 0.240625 0.68125 0.2375 0.6895833333333333 0.228125 0.7020833333333333 0.2171875 0.7020833333333333 0.209375 0.69375 0.20625 0.6854166666666667 0.20625 0.6708333333333333 0.209375 0.6583333333333333 0.2125 0.6541666666666667 0.2234375 0.6458333333333334 0.2296875 0.6479166666666667
0 0.54375 0.7291666666666666 0.5515625 0.7375 0.5546875 0.7458333333333333 0.5546875 0.7729166666666667 0.553125 0.7791666666666667 0.5421875 0.7895833333333333 0.5375 0.7895833333333333 0.53125 0.7854166666666667 0.525 0.76875 0.525 0.75 0.5296875 0.7333333333333333 0.534375 0.7291666666666666 0.5421875 0.7291666666666666
0 0.378125 0.9208333333333333 0.3828125 0.9166666666666666 0.390625 0.9166666666666666 0.396875 0.925 0.4 0.9354166666666667 0.4 0.95625 0.396875 0.96875 0.390625 0.9770833333333333 0.3796875 0.9770833333333333 0.375 0.9729166666666667 0.3703125 0.9625 0.3703125 0.9416666666666667 0.378125 0.9229166666666667
0 0.609375 0.025 0.615625 0.03958333333333333 0.615625 0.06458333333333334 0.609375 0.08125 0.603125 0.08958333333333333 0.5984375 0.09166666666666666 0.590625 0.08958333333333333 0.5859375 0.08541666666666667 0.58125 0.07291666666666667 0.58125 0.052083333333333336 0.5875 0.029166666666666667 0.59375 0.020833333333333332 0.6046875 0.020833333333333332 0.6078125 0.025
0 0.3359375 0.9145833333333333 0.3421875 0.9229166666666667 0.34375 0.9458333333333333 0.3375 0.96875 0.3296875 0.975 0.3203125 0.9729166666666667 0.3171875 0.96875 0.3125 0.9541666666666667 0.3125 0.9458333333333333 0.3203125 0.9208333333333333 0.3265625 0.9145833333333333 0.33125 0.9125 0.334375 0.9145833333333333
0 0.484375 0.54375 0.490625 0.5583333333333333 0.490625 0.5729166666666666 0.484375 0.5895833333333333 0.4796875 0.59375 0.4703125 0.59375 0.465625 0.5895833333333333 0.459375 0.5708333333333333 0.4609375 0.56875 0.4609375 0.5583333333333333 0.465625 0.5458333333333333 0.4703125 0.5416666666666666 0.48125 0.5416666666666666 0.4828125 0.54375
0 0.5359375 0.025 0.5421875 0.0375 0.54375 0.06041666666666667 0.540625 0.07708333333333334 0.5328125 0.08958333333333333 0.521875 0.08958333333333333 0.515625 0.08125 0.5109375 0.0625 0.5109375 0.04583333333333333 0.5171875 0.029166666666666667 0.521875 0.022916666666666665 0.53125 0.020833333333333332 0.534375 0.025
0 0.4390625 0.9104166666666667 0.4453125 0.9166666666666666 0.4484375 0.925 0.4484375 0.9520833333333333 0.44375 0.9645833333333333 0.4375 0.9708333333333333 0.4296875 0.9708333333333333 0.4234375 0.9645833333333333 0.41875 0.94375 0.425 0.9166666666666666 0.4328125 0.9083333333333333 0.4375 0.9104166666666667
0 0.2609375 0.058333333333333334 0.26875 0.08125 0.26875 0.09791666666666667 0.259375 0.11458333333333333 0.25 0.11458333333333333 0.24375 0.11041666666666666 0.234375 0.09583333333333334 0.23125 0.08125 0.23125 0.06666666666666667 0.2375 0.052083333333333336 0.253125 0.05 0.259375 0.058333333333333334
0 0.325 0.5583333333333333 0.33125 0.56875 0.334375 0.5833333333333334 0.33125 0.6 0.3203125 0.6145833333333334 0.309375 0.6125 0.303125 0.6041666666666666 0.3 0.5916666666666667 0.3 0.5791666666666667 0.309375 0.5625 0.3125 0.5625 0.315625 0.5583333333333333 0.3234375 0.5583333333333333
0 0.30625 0.03958333333333333 0.3109375 0.041666666666666664 0.3171875 0.05 0.321875 0.06458333333333334 0.3234375 0.08958333333333333 0.3140625 0.10625 0.30625 0.10625 0.2953125 0.09791666666666667 0.2875 0.07916666666666666 0.2890625 0.052083333333333336 0.2953125 0.041666666666666664 0.303125 0.0375 0.3046875 0.03958333333333333