0 0.1796875 0.6083333333333333 0.0328125 0.05416666666666667
0 0.221875 0.43333333333333335 0.03125 0.05416666666666667
0 0.1703125 0.353125 0.0296875 0.05
0 0.121875 0.215625 0.028125 0.05
0 0.425 0.359375 0.028125 0.05
0 0.2140625 0.240625 0.0296875 0.05
0 0.4875 0.21770833333333334 0.028125 0.05416666666666667
0 0.48984375 0.134375 0.028125 0.05
0 0.4984375 0.058333333333333334 0.028125 0.05416666666666667
0 0.21875 0.30520833333333336 0.028125 0.05
0 0.4140625 0.5979166666666667 0.0296875 0.05
0 0.4046875 0.059375 0.028125 0.05416666666666667
0 0.2375 0.04791666666666667 0.028125 0.05
0 0.45546875 0.06458333333333334 0.0265625 0.05416666666666667
0 0.45859375 0.61875 0.0265625 0.05
0 0.40625 0.7958333333333333 0.0296875 0.05416666666666667
0 0.275 0.029166666666666667 0.028125 0.05416666666666667
0 0.665625 0.48020833333333335 0.0328125 0.05625
0 0.4703125 0.5229166666666667 0.028125 0.05416666666666667
0 0.496875 0.8104166666666667 0.028125 0.058333333333333334
0 0.4515625 0.7989583333333333 0.0296875 0.05416666666666667