0 0.5125 0.9635416666666666 0.025 0.058333333333333334
0 0.55078125 0.8010416666666667 0.0296875 0.05416666666666667
0 0.55625 0.178125 0.03125 0.058333333333333334
0 0.1796875 0.7833333333333333 0.028125 0.05
0 0.55 0.878125 0.03125 0.058333333333333334
0 0.4640625 0.19479166666666667 0.03125 0.05416666666666667
0 0.646875 0.7895833333333333 0.03125 0.058333333333333334
0 0.25625 0.7260416666666667 0.025 0.05
0 0.32890625 0.978125 0.0265625 0.041666666666666664
0 0.2796875 0.7020833333333333 0.028125 0.05
0 0.30859375 0.8802083333333334 0.0265625 0.05
0 0.2734375 0.7760416666666666 0.028125 0.05
0 0.240625 0.3885416666666667 0.0296875 0.05
0 0.28046875 0.5625 0.0296875 0.05
0 0.29140625 0.959375 0.0265625 0.05416666666666667
0 0.22890625 0.6447916666666667 0.028125 0.04583333333333333
0 0.5828125 0.6270833333333333 0.028125 0.05416666666666667
0 0.56640625 0.36354166666666665 0.0296875 0.05416666666666667