0 0.25390625 0.5791666666666667 0.04375 0.0375
0 0.19375 0.584375 0.040625 0.03958333333333333
0 0.57578125 0.321875 0.0375 0.03958333333333333
0 0.18984375 0.5229166666666667 0.04375 0.03958333333333333
0 0.3203125 0.32395833333333335 0.040625 0.03958333333333333
0 0.5828125 0.8541666666666666 0.04375 0.04791666666666667
0 0.778125 0.45416666666666666 0.04375 0.041666666666666664
0 0.384375 0.32083333333333336 0.040625 0.0375
0 0.38515625 0.4552083333333333 0.0375 0.035416666666666666
0 0.509375 0.39375 0.034375 0.03333333333333333
0 0.38203125 0.8479166666666667 0.040625 0.04375
0 0.65078125 0.5125 0.040625 0.0375
0 0.5140625 0.4510416666666667 0.0375 0.035416666666666666
0 0.71484375 0.58125 0.040625 0.0375
0 0.2484375 0.778125 0.04375 0.041666666666666664
0 0.315625 0.5791666666666667 0.040625 0.0375
0 0.78671875 0.7208333333333333 0.046875 0.04583333333333333
0 0.64609375 0.5833333333333334 0.040625 0.03958333333333333
0 0.184375 0.7145833333333333 0.04375 0.041666666666666664
0 0.69921875 0.5166666666666667 0.040625 0.03958333333333333
0 0.44296875 0.5875 0.040625 0.0375