0 0.625 0.8854166666666666 0.03125 0.058333333333333334
0 0.72109375 0.88125 0.034375 0.058333333333333334
0 0.525 0.8875 0.0296875 0.058333333333333334
0 0.48125 0.8916666666666667 0.028125 0.058333333333333334
0 0.5171875 0.109375 0.028125 0.05416666666666667
0 0.56796875 0.10833333333333334 0.0296875 0.05416666666666667
0 0.3234375 0.6239583333333333 0.03125 0.05416666666666667
0 0.6109375 0.10520833333333333 0.0296875 0.05416666666666667
0 0.4734375 0.10520833333333333 0.028125 0.05416666666666667
0 0.3234375 0.9041666666666667 0.0328125 0.0625
0 0.5203125 0.6145833333333334 0.028125 0.05
0 0.7171875 0.6135416666666667 0.034375 0.05416666666666667
0 0.6171875 0.359375 0.0296875 0.05
0 0.3765625 0.8958333333333334 0.03125 0.0625
0 0.709375 0.3572916666666667 0.03125 0.05416666666666667
0 0.6203125 0.615625 0.028125 0.05416666666666667
0 0.41953125 0.10208333333333333 0.028125 0.05416666666666667
0 0.659375 0.10833333333333334 0.03125 0.05416666666666667
0 0.425 0.3625 0.0265625 0.05
0 0.6203125 0.7052083333333333 0.03125 0.05416666666666667
0 0.6703125 0.70625 0.03125 0.05416666666666667
0 0.425 0.6197916666666666 0.028125 0.05
0 0.5203125 0.35833333333333334 0.028125 0.05
0 0.43125 0.8854166666666666 0.03125 0.058333333333333334
0 0.3765625 0.7135416666666666 0.0296875 0.05416666666666667
0 0.703125 0.11354166666666667 0.03125 0.058333333333333334
0 0.3296875 0.09583333333333334 0.03125 0.05416666666666667
0 0.371875 0.10520833333333333 0.028125 0.058333333333333334
0 0.5171875 0.2708333333333333 0.028125 0.05416666666666667
0 0.3265625 0.36041666666666666 0.03125 0.05416666666666667
0 0.5734375 0.8864583333333333 0.0296875 0.058333333333333334
0 0.3734375 0.2760416666666667 0.028125 0.05416666666666667