0 0.62578125 0.19166666666666668 0.034375 0.035416666666666666
0 0.665625 0.09583333333333334 0.034375 0.0375
0 0.3890625 0.15520833333333334 0.0375 0.03958333333333333
0 0.79140625 0.28958333333333336 0.034375 0.03333333333333333
0 0.51171875 0.21458333333333332 0.0375 0.0375
0 0.65859375 0.21458333333333332 0.034375 0.0375
0 0.66796875 0.5583333333333333 0.0375 0.03333333333333333
0 0.7265625 0.2625 0.034375 0.03333333333333333
0 0.609375 0.21875 0.034375 0.03333333333333333
0 0.77890625 0.24375 0.034375 0.03333333333333333
0 0.56953125 0.15208333333333332 0.034375 0.035416666666666666
0 0.77109375 0.5697916666666667 0.0375 0.035416666666666666
0 0.24296875 0.428125 0.040625 0.03958333333333333
0 0.84609375 0.31875 0.034375 0.03125
0 0.71953125 0.5572916666666666 0.0375 0.03333333333333333
0 0.59765625 0.7416666666666667 0.040625 0.041666666666666664
0 0.834375 0.49375 0.034375 0.03333333333333333
0 0.5515625 0.596875 0.0375 0.0375
0 0.86171875 0.58125 0.025 0.03333333333333333
0 0.8671875 0.4895833333333333 0.015625 0.029166666666666667
0 0.440625 0.5291666666666667 0.0375 0.0375
0 0.86328125 0.65 0.0234375 0.03333333333333333
0 0.29609375 0.503125 0.0375 0.0375
0 0.86328125 0.4125 0.021875 0.03125