0 0.66953125 0.6125 0.04375 0.041666666666666664
0 0.79765625 0.659375 0.046875 0.041666666666666664
0 0.79921875 0.7333333333333333 0.046875 0.04375
0 0.803125 0.5395833333333333 0.046875 0.041666666666666664
0 0.59921875 0.6114583333333333 0.04375 0.041666666666666664
0 0.60546875 0.8697916666666666 0.04375 0.04375
0 0.60546875 0.3260416666666667 0.05 0.04791666666666667
0 0.80390625 0.5947916666666667 0.046875 0.041666666666666664
0 0.66484375 0.4666666666666667 0.046875 0.041666666666666664
0 0.39609375 0.7677083333333333 0.04375 0.04375
0 0.53984375 0.75625 0.04375 0.041666666666666664
0 0.80859375 0.7833333333333333 0.04375 0.041666666666666664
0 0.41015625 0.9083333333333333 0.04375 0.05
0 0.15859375 0.7302083333333333 0.053125 0.04791666666666667
0 0.15703125 0.65 0.053125 0.05
0 0.15234375 0.5833333333333334 0.05 0.05
0 0.1734375 0.8520833333333333 0.05 0.05
0 0.32265625 0.7125 0.04375 0.041666666666666664
0 0.16484375 0.7833333333333333 0.05 0.04791666666666667
0 0.525 0.5552083333333333 0.040625 0.03958333333333333
0 0.36484375 0.340625 0.046875 0.04791666666666667
0 0.14765625 0.49583333333333335 0.040625 0.04583333333333333
0 0.31328125 0.4979166666666667 0.04375 0.041666666666666664