0 0.5421875 0.35520833333333335 0.0265625 0.05
0 0.865625 0.396875 0.03125 0.05
0 0.81484375 0.35 0.03125 0.05416666666666667
0 0.61875 0.11145833333333334 0.028125 0.05416666666666667
0 0.64140625 0.4125 0.0296875 0.05416666666666667
0 0.540625 0.27395833333333336 0.0265625 0.05
0 0.7203125 0.3260416666666667 0.03125 0.05
0 0.525 0.121875 0.028125 0.05416666666666667
0 0.6546875 0.5791666666666667 0.028125 0.05
0 0.56796875 0.12395833333333334 0.0265625 0.05416666666666667
0 0.50625 0.446875 0.028125 0.05
0 0.5734375 0.6802083333333333 0.028125 0.05
0 0.4875 0.13020833333333334 0.028125 0.05416666666666667
0 0.71953125 0.8395833333333333 0.0328125 0.058333333333333334
0 0.53515625 0.8822916666666667 0.0296875 0.058333333333333334
0 0.6515625 0.09479166666666666 0.028125 0.05
0 0.7515625 0.5552083333333333 0.034375 0.05416666666666667
0 0.3546875 0.46041666666666664 0.03125 0.05416666666666667
0 0.671875 0.8552083333333333 0.03125 0.058333333333333334
0 0.4484375 0.371875 0.028125 0.05
0 0.634375 0.8614583333333333 0.03125 0.058333333333333334
0 0.36953125 0.6447916666666667 0.03125 0.05416666666666667
0 0.58125 0.8708333333333333 0.03125 0.058333333333333334