0 0.3640625 0.2708333333333333 0.3765625 0.2833333333333333 0.3796875 0.29375 0.3796875 0.3 0.3765625 0.30416666666666664 0.3765625 0.30833333333333335 0.3640625 0.3145833333333333 0.35625 0.3145833333333333 0.34375 0.30833333333333335 0.3375 0.3020833333333333 0.334375 0.29375 0.334375 0.28541666666666665 0.3421875 0.27291666666666664 0.35 0.26875 0.3625 0.2708333333333333
0 0.290625 0.8375 0.2953125 0.8395833333333333 0.3015625 0.8479166666666667 0.3015625 0.8625 0.2875 0.88125 0.26875 0.88125 0.265625 0.8791666666666667 0.259375 0.8708333333333333 0.2578125 0.8604166666666667 0.2625 0.8479166666666667 0.26875 0.8416666666666667 0.275 0.8375 0.2890625 0.8375
0 0.3796875 0.5645833333333333 0.3859375 0.5729166666666666 0.3875 0.5854166666666667 0.3828125 0.59375 0.3671875 0.6020833333333333 0.3609375 0.6020833333333333 0.346875 0.59375 0.34375 0.5854166666666667 0.34375 0.5770833333333333 0.346875 0.56875 0.35625 0.5625 0.3765625 0.5625 0.378125 0.5645833333333333
0 0.8421875 0.2708333333333333 0.8484375 0.28541666666666665 0.8453125 0.29791666666666666 0.8390625 0.30416666666666664 0.8234375 0.3125 0.8125 0.3125 0.803125 0.30833333333333335 0.7953125 0.29583333333333334 0.796875 0.2833333333333333 0.809375 0.26875 0.81875 0.26458333333333334 0.8328125 0.26458333333333334 0.840625 0.2708333333333333
0 0.2984375 0.7 0.3046875 0.7104166666666667 0.303125 0.725 0.2984375 0.73125 0.2828125 0.7395833333333334 0.2703125 0.7375 0.2625 0.7291666666666666 0.2609375 0.7229166666666667 0.2625 0.7104166666666667 0.2703125 0.7020833333333333 0.278125 0.6979166666666666 0.2953125 0.6979166666666666 0.296875 0.7
0 0.159375 0.7458333333333333 0.1640625 0.7479166666666667 0.1703125 0.75625 0.171875 0.76875 0.1640625 0.78125 0.1484375 0.7895833333333333 0.140625 0.7895833333333333 0.13125 0.7833333333333333 0.128125 0.7770833333333333 0.128125 0.7604166666666666 0.1328125 0.7541666666666667 0.14375 0.7479166666666667 0.1578125 0.7458333333333333
0 0.6078125 0.2791666666666667 0.6140625 0.2833333333333333 0.6171875 0.28958333333333336 0.61875 0.3 0.6171875 0.3104166666666667 0.6140625 0.31666666666666665 0.6015625 0.325 0.59375 0.325 0.584375 0.32083333333333336 0.578125 0.3125 0.575 0.30416666666666664 0.575 0.29583333333333334 0.5875 0.2791666666666667 0.5953125 0.2791666666666667 0.596875 0.27708333333333335 0.60625 0.2791666666666667
0 0.3078125 0.5666666666666667 0.3109375 0.56875 0.3171875 0.5833333333333334 0.3109375 0.5958333333333333 0.2953125 0.6041666666666666 0.2875 0.6041666666666666 0.278125 0.6 0.271875 0.5916666666666667 0.271875 0.5791666666666667 0.275 0.5729166666666666 0.2875 0.5645833333333333 0.3 0.5625 0.30625 0.5666666666666667
0 0.8203125 0.5895833333333333 0.8359375 0.6020833333333333 0.8359375 0.6208333333333333 0.828125 0.6291666666666667 0.821875 0.63125 0.80625 0.63125 0.790625 0.61875 0.7875 0.6125 0.7875 0.6020833333333333 0.7921875 0.59375 0.80625 0.5875 0.81875 0.5895833333333333
0 0.8234375 0.51875 0.8296875 0.5208333333333334 0.8390625 0.5291666666666667 0.840625 0.54375 0.8328125 0.55625 0.821875 0.5604166666666667 0.809375 0.5604166666666667 0.796875 0.5520833333333334 0.7921875 0.54375 0.7921875 0.5354166666666667 0.796875 0.525 0.8078125 0.51875 0.821875 0.51875
0 0.8046875 0.8 0.8171875 0.8083333333333333 0.8265625 0.8229166666666666 0.8265625 0.8354166666666667 0.8234375 0.8416666666666667 0.8140625 0.8479166666666667 0.796875 0.8479166666666667 0.7875 0.8416666666666667 0.778125 0.825 0.778125 0.8104166666666667 0.784375 0.8020833333333334 0.803125 0.8
0 0.575 0.7145833333333333 0.584375 0.71875 0.5890625 0.725 0.5921875 0.7354166666666667 0.5921875 0.7458333333333333 0.5890625 0.7520833333333333 0.578125 0.7604166666666666 0.5671875 0.7604166666666666 0.5609375 0.75625 0.55625 0.7520833333333333 0.5515625 0.7395833333333334 0.553125 0.7291666666666666 0.559375 0.71875 0.5734375 0.7145833333333333
0 0.1703125 0.4895833333333333 0.178125 0.49166666666666664 0.1859375 0.4979166666666667 0.1890625 0.5041666666666667 0.1890625 0.5125 0.1859375 0.5208333333333334 0.175 0.5270833333333333 0.165625 0.5270833333333333 0.1640625 0.5291666666666667 0.153125 0.5270833333333333 0.146875 0.5229166666666667 0.14375 0.51875 0.1421875 0.50625 0.14375 0.5 0.1515625 0.49166666666666664 0.16875 0.4895833333333333
0 0.2484375 0.6270833333333333 0.2546875 0.63125 0.2578125 0.6375 0.2578125 0.6479166666666667 0.253125 0.65625 0.2390625 0.6645833333333333 0.225 0.6645833333333333 0.21875 0.6604166666666667 0.2140625 0.6520833333333333 0.2125 0.6416666666666667 0.21875 0.63125 0.225 0.6270833333333333 0.23125 0.625 0.2453125 0.625 0.246875 0.6270833333333333
0 0.3671875 0.8333333333333334 0.371875 0.8354166666666667 0.3796875 0.8458333333333333 0.3796875 0.8583333333333333 0.3671875 0.8770833333333333 0.3625 0.8791666666666667 0.3546875 0.8791666666666667 0.34375 0.8729166666666667 0.3375 0.8625 0.3375 0.85 0.35 0.8354166666666667 0.365625 0.8333333333333334
0 0.575 0.86875 0.5828125 0.8770833333333333 0.5859375 0.8875 0.5828125 0.90625 0.5734375 0.9145833333333333 0.559375 0.9145833333333333 0.55 0.9083333333333333 0.54375 0.8958333333333334 0.54375 0.8854166666666666 0.546875 0.875 0.5515625 0.86875 0.559375 0.8645833333333334 0.5671875 0.8645833333333334 0.5734375 0.86875
0 0.3171875 0.42291666666666666 0.3203125 0.4270833333333333 0.321875 0.4375 0.3203125 0.44375 0.3140625 0.45208333333333334 0.309375 0.45416666666666666 0.2890625 0.45416666666666666 0.284375 0.45208333333333334 0.2765625 0.4395833333333333 0.2765625 0.42916666666666664 0.2828125 0.41875 0.2890625 0.41458333333333336 0.303125 0.41458333333333336 0.3125 0.41875 0.315625 0.42291666666666666
0 0.4515625 0.5020833333333333 0.4609375 0.5125 0.4609375 0.5270833333333333 0.45625 0.5354166666666667 0.45 0.5395833333333333 0.43125 0.5395833333333333 0.425 0.5354166666666667 0.4203125 0.525 0.4203125 0.5145833333333333 0.425 0.50625 0.4375 0.5 0.45 0.5020833333333333
0 0.1765625 0.6229166666666667 0.1859375 0.63125 0.1875 0.6375 0.1859375 0.6479166666666667 0.178125 0.65625 0.165625 0.6625 0.15 0.6604166666666667 0.14375 0.6541666666666667 0.140625 0.6458333333333334 0.140625 0.6395833333333333 0.146875 0.6291666666666667 0.153125 0.625 0.175 0.6229166666666667
0 0.8375 0.3375 0.8453125 0.3458333333333333 0.8453125 0.3625 0.8421875 0.36875 0.834375 0.375 0.815625 0.38125 0.8140625 0.37916666666666665 0.80625 0.37916666666666665 0.796875 0.37083333333333335 0.79375 0.3645833333333333 0.79375 0.3541666666666667 0.796875 0.3458333333333333 0.8 0.3416666666666667 0.815625 0.3333333333333333 0.8265625 0.3333333333333333 0.8359375 0.3375
0 0.1703125 0.69375 0.1828125 0.70625 0.1828125 0.7125 0.1765625 0.725 0.1640625 0.7333333333333333 0.146875 0.7333333333333333 0.14375 0.73125 0.1375 0.7229166666666667 0.1375 0.7083333333333334 0.146875 0.6979166666666666 0.1578125 0.69375 0.16875 0.69375
0 0.5125 0.5666666666666667 0.5171875 0.5770833333333333 0.5171875 0.5895833333333333 0.5078125 0.6020833333333333 0.503125 0.6041666666666666 0.4953125 0.6041666666666666 0.484375 0.6 0.478125 0.5916666666666667 0.478125 0.575 0.484375 0.5666666666666667 0.49375 0.5625 0.5046875 0.5625 0.5109375 0.5666666666666667
0 0.8296875 0.42916666666666664 0.8390625 0.43333333333333335 0.8453125 0.44166666666666665 0.8453125 0.4583333333333333 0.8328125 0.4708333333333333 0.8265625 0.47291666666666665 0.815625 0.47291666666666665 0.8015625 0.4666666666666667 0.7953125 0.4583333333333333 0.79375 0.45 0.796875 0.44166666666666665 0.8046875 0.43333333333333335 0.8140625 0.42916666666666664 0.828125 0.42916666666666664
0 0.1765625 0.55625 0.1859375 0.5645833333333333 0.1875 0.575 0.1859375 0.58125 0.1796875 0.5895833333333333 0.1671875 0.59375 0.153125 0.59375 0.146875 0.5895833333333333 0.14375 0.5854166666666667 0.140625 0.5729166666666666 0.14375 0.5645833333333333 0.15 0.5583333333333333 0.1546875 0.55625 0.175 0.55625
0 0.8140625 0.7270833333333333 0.8265625 0.7333333333333333 0.8328125 0.7479166666666667 0.8328125 0.7583333333333333 0.8296875 0.7645833333333333 0.821875 0.7708333333333334 0.7984375 0.76875 0.790625 0.7625 0.784375 0.75 0.784375 0.7354166666666667 0.790625 0.7270833333333333 0.79375 0.725 0.8125 0.7270833333333333
0 0.4390625 0.7125 0.4453125 0.7208333333333333 0.4453125 0.7354166666666667 0.4421875 0.74375 0.43125 0.7520833333333333 0.4125 0.75 0.4046875 0.7375 0.4046875 0.725 0.409375 0.7166666666666667 0.4171875 0.7104166666666667 0.43125 0.7083333333333334 0.4375 0.7125
0 0.815625 0.66875 0.8328125 0.6791666666666667 0.8390625 0.6916666666666667 0.8359375 0.7041666666666667 0.8234375 0.7145833333333333 0.8109375 0.7145833333333333 0.8 0.7104166666666667 0.7875 0.69375 0.7875 0.68125 0.79375 0.6729166666666667 0.8 0.66875 0.8140625 0.66875