0 0.5171875 0.08854166666666667 0.03125 0.058333333333333334
0 0.5625 0.09479166666666666 0.03125 0.058333333333333334
0 0.36796875 0.26145833333333335 0.0296875 0.058333333333333334
0 0.36640625 0.346875 0.0296875 0.05416666666666667
0 0.559375 0.171875 0.028125 0.05416666666666667
0 0.46640625 0.3489583333333333 0.0265625 0.05
0 0.7609375 0.34479166666666666 0.034375 0.05416666666666667
0 0.41953125 0.5135416666666667 0.0265625 0.04583333333333333
0 0.6609375 0.08020833333333334 0.03125 0.058333333333333334
0 0.7078125 0.16458333333333333 0.03125 0.058333333333333334
0 0.7640625 0.6114583333333333 0.034375 0.058333333333333334
0 0.5640625 0.42604166666666665 0.028125 0.05416666666666667
0 0.36640625 0.6010416666666667 0.0296875 0.05
0 0.5609375 0.2552083333333333 0.028125 0.05416666666666667
0 0.5609375 0.7885416666666667 0.028125 0.05416666666666667
0 0.465625 0.871875 0.028125 0.05416666666666667
0 0.4625 0.5197916666666667 0.025 0.04583333333333333
0 0.66484375 0.8833333333333333 0.0328125 0.058333333333333334
0 0.509375 0.7020833333333333 0.028125 0.05
0 0.5125 0.7666666666666667 0.028125 0.05416666666666667