0 0.27578125 0.4635416666666667 0.0375 0.035416666666666666
0 0.2171875 0.509375 0.0375 0.035416666666666666
0 0.3390625 0.9416666666666667 0.0375 0.035416666666666666
0 0.328125 0.46041666666666664 0.0375 0.03333333333333333
0 0.77578125 0.5895833333333333 0.046875 0.041666666666666664
0 0.2015625 0.7416666666666667 0.0375 0.03333333333333333
0 0.37890625 0.840625 0.034375 0.035416666666666666
0 0.15390625 0.53125 0.040625 0.035416666666666666
0 0.33515625 0.340625 0.040625 0.03958333333333333
0 0.14453125 0.7135416666666666 0.0375 0.035416666666666666
0 0.6234375 0.640625 0.0375 0.03958333333333333
0 0.27109375 0.7697916666666667 0.034375 0.035416666666666666
0 0.43828125 0.88125 0.034375 0.0375
0 0.39453125 0.8125 0.0375 0.0375
0 0.62734375 0.8739583333333333 0.0375 0.041666666666666664
0 0.2171875 0.7916666666666666 0.0375 0.03333333333333333
0 0.34453125 0.81875 0.0375 0.0375
0 0.49609375 0.815625 0.0375 0.03958333333333333
0 0.63359375 0.4947916666666667 0.0375 0.03958333333333333
0 0.44921875 0.41875 0.0375 0.0375
0 0.13046875 0.615625 0.0109375 0.027083333333333334
0 0.13046875 0.4427083333333333 0.0109375 0.03125
0 0.1296875 0.36875 0.009375 0.029166666666666667