0 0.7828125 0.5145833333333333 0.040625 0.0375
0 0.83984375 0.5229166666666667 0.040625 0.0375
0 0.83671875 0.396875 0.040625 0.0375
0 0.834375 0.46458333333333335 0.040625 0.0375
0 0.72109375 0.5104166666666666 0.040625 0.0375
0 0.43125 0.35833333333333334 0.0375 0.0375
0 0.28125 0.35520833333333335 0.040625 0.041666666666666664
0 0.70625 0.014583333333333334 0.0375 0.029166666666666667
0 0.85546875 0.215625 0.0375 0.03958333333333333
0 0.2765625 0.48333333333333334 0.04375 0.0375
0 0.60625 0.5 0.040625 0.035416666666666666
0 0.27109375 0.5479166666666667 0.04375 0.041666666666666664
0 0.40859375 0.1 0.040625 0.041666666666666664
0 0.4875 0.49895833333333334 0.0375 0.035416666666666666
0 0.26015625 0.6239583333333333 0.046875 0.04375
0 0.52890625 0.7635416666666667 0.04375 0.04583333333333333
0 0.8390625 0.16458333333333333 0.040625 0.0375
0 0.2765625 0.4166666666666667 0.04375 0.041666666666666664
0 0.6046875 0.08125 0.0375 0.041666666666666664
0 0.69453125 0.13541666666666666 0.0375 0.0375
0 0.6421875 0.14791666666666667 0.0375 0.041666666666666664