0 0.5265625 0.8947916666666667 0.0296875 0.058333333333333334
0 0.575 0.6364583333333333 0.0265625 0.05
0 0.4828125 0.8916666666666667 0.028125 0.05416666666666667
0 0.6796875 0.6364583333333333 0.03125 0.05416666666666667
0 0.48125 0.640625 0.0296875 0.05416666666666667
0 0.67734375 0.8135416666666667 0.03125 0.058333333333333334
0 0.678125 0.7239583333333334 0.03125 0.058333333333333334
0 0.3828125 0.6395833333333333 0.0296875 0.05
0 0.290625 0.6416666666666667 0.03125 0.05416666666666667
0 0.38984375 0.8927083333333333 0.0296875 0.05416666666666667
0 0.2828125 0.3854166666666667 0.0328125 0.058333333333333334
0 0.3828125 0.471875 0.0296875 0.05
0 0.34375 0.8927083333333333 0.03125 0.05416666666666667
0 0.4828125 0.7302083333333333 0.028125 0.05416666666666667
0 0.48359375 0.8104166666666667 0.028125 0.05416666666666667
0 0.3265625 0.11145833333333334 0.0328125 0.058333333333333334
0 0.375 0.11145833333333334 0.03125 0.058333333333333334
0 0.48046875 0.5552083333333333 0.0265625 0.05
0 0.62265625 0.096875 0.03125 0.0625
0 0.3421875 0.8135416666666667 0.03125 0.05416666666666667
0 0.4796875 0.3802083333333333 0.028125 0.05416666666666667
0 0.5203125 0.10520833333333333 0.028125 0.05416666666666667
0 0.6765625 0.37395833333333334 0.03125 0.05
0 0.5765625 0.46458333333333335 0.0265625 0.05
0 0.5734375 0.284375 0.028125 0.05416666666666667
0 0.52578125 0.19791666666666666 0.0296875 0.058333333333333334
0 0.475 0.11041666666666666 0.0296875 0.058333333333333334
0 0.571875 0.10416666666666667 0.028125 0.058333333333333334
0 0.425 0.11145833333333334 0.03125 0.058333333333333334