0 0.55390625 0.13333333333333333 0.0296875 0.05520833333333333
0 0.5 0.8322916666666667 0.03203125 0.06354166666666666
0 0.4625 0.8239583333333333 0.03046875 0.057291666666666664
0 0.5546875 0.209375 0.0296875 0.057291666666666664
0 0.5171875 0.046875 0.02734375 0.057291666666666664
0 0.1703125 0.209375 0.02890625 0.051041666666666666
0 0.2296875 0.6177083333333333 0.03125 0.053125
0 0.2734375 0.440625 0.03046875 0.053125
0 0.328125 0.021875 0.02734375 0.042708333333333334
0 0.65078125 0.22604166666666667 0.0328125 0.059375
0 0.2515625 0.26979166666666665 0.02890625 0.053125
0 0.46953125 0.6354166666666666 0.0296875 0.051041666666666666
0 0.30625 0.11666666666666667 0.02890625 0.053125
0 0.5859375 0.3854166666666667 0.03125 0.057291666666666664
0 0.2890625 0.035416666666666666 0.02734375 0.05416666666666667
0 0.26875 0.21979166666666666 0.02890625 0.053125
0 0.275 0.2947916666666667 0.0296875 0.053125
0 0.22109375 0.353125 0.0296875 0.051041666666666666