0 0.7890625 0.3333333333333333 0.04375 0.041666666666666664
0 0.79140625 0.4666666666666667 0.04375 0.03958333333333333
0 0.78515625 0.20520833333333333 0.046875 0.04583333333333333
0 0.7890625 0.5927083333333333 0.04375 0.03958333333333333
0 0.79375 0.525 0.04375 0.0375
0 0.20390625 0.5354166666666667 0.04375 0.0375
0 0.52109375 0.34375 0.0375 0.03958333333333333
0 0.20703125 0.47708333333333336 0.04375 0.0375
0 0.21015625 0.22916666666666666 0.04375 0.041666666666666664
0 0.59296875 0.7354166666666667 0.040625 0.041666666666666664
0 0.521875 0.5333333333333333 0.0375 0.0375
0 0.39375 0.34375 0.0375 0.0375
0 0.39296875 0.22083333333333333 0.040625 0.041666666666666664
0 0.20390625 0.35208333333333336 0.040625 0.041666666666666664
0 0.80390625 0.7354166666666667 0.046875 0.04375
0 0.58515625 0.21041666666666667 0.040625 0.04583333333333333
0 0.39453125 0.475 0.040625 0.0375
0 0.58984375 0.4708333333333333 0.040625 0.0375
0 0.32109375 0.7239583333333334 0.04375 0.041666666666666664
0 0.396875 0.6 0.0375 0.035416666666666666
0 0.32734375 0.47708333333333336 0.040625 0.0375
0 0.590625 0.6 0.0375 0.0375
0 0.66171875 0.5989583333333334 0.0375 0.0375
0 0.196875 0.7270833333333333 0.040625 0.041666666666666664
0 0.39765625 0.7395833333333334 0.040625 0.03958333333333333
0 0.78984375 0.40208333333333335 0.04375 0.03958333333333333
0 0.26640625 0.4791666666666667 0.040625 0.0375
0 0.33046875 0.2875 0.040625 0.041666666666666664
0 0.45859375 0.47291666666666665 0.0375 0.0375