0 0.40703125 0.7354166666666667 0.040625 0.041666666666666664
0 0.20859375 0.4666666666666667 0.04375 0.03958333333333333
0 0.79609375 0.5354166666666667 0.04375 0.0375
0 0.20546875 0.5270833333333333 0.04375 0.0375
0 0.41484375 0.21145833333333333 0.040625 0.04375
0 0.2109375 0.3333333333333333 0.04375 0.041666666666666664
0 0.2046875 0.59375 0.04375 0.041666666666666664
0 0.79296875 0.47708333333333336 0.04375 0.0375
0 0.79609375 0.353125 0.040625 0.03958333333333333
0 0.603125 0.6 0.0375 0.0375
0 0.6078125 0.22083333333333333 0.040625 0.041666666666666664
0 0.7328125 0.4791666666666667 0.040625 0.0375
0 0.67265625 0.47708333333333336 0.040625 0.0375
0 0.60234375 0.7395833333333334 0.040625 0.041666666666666664
0 0.66953125 0.7364583333333333 0.040625 0.041666666666666664
0 0.73125 0.5395833333333333 0.040625 0.0375
0 0.79609375 0.290625 0.040625 0.03958333333333333
0 0.22109375 0.265625 0.04375 0.04375
0 0.73671875 0.28958333333333336 0.040625 0.041666666666666664
0 0.27578125 0.53125 0.04375 0.041666666666666664
0 0.484375 0.4708333333333333 0.0375 0.0375
0 0.54140625 0.47291666666666665 0.0375 0.0375
0 0.47421875 0.6020833333333333 0.040625 0.0375
0 0.21015625 0.40208333333333335 0.04375 0.03958333333333333
0 0.478125 0.6677083333333333 0.040625 0.03958333333333333
0 0.34375 0.40625 0.040625 0.041666666666666664