0 0.24375 0.5 0.0375 0.03333333333333333
0 0.16796875 0.22083333333333333 0.0375 0.03333333333333333
0 0.2953125 0.375 0.0375 0.03333333333333333
0 0.30625 0.022916666666666665 0.0375 0.0375
0 0.18828125 0.5104166666666666 0.0375 0.03333333333333333
0 0.67109375 0.45625 0.0375 0.0375
0 0.296875 0.5020833333333333 0.0375 0.03333333333333333
0 0.46484375 0.15208333333333332 0.0375 0.0375
0 0.728125 0.38333333333333336 0.040625 0.041666666666666664
0 0.59296875 0.09791666666666667 0.0375 0.03958333333333333
0 0.34453125 0.125 0.034375 0.03333333333333333
0 0.23828125 0.19375 0.0375 0.0375
0 0.18203125 0.17291666666666666 0.0375 0.03333333333333333
0 0.41484375 0.54375 0.0375 0.0375
0 0.40546875 0.08541666666666667 0.0375 0.0375
0 0.3109375 0.14791666666666667 0.0375 0.0375
0 0.36171875 0.15208333333333332 0.0375 0.0375
0 0.134375 0.43333333333333335 0.01875 0.03333333333333333
0 0.42890625 0.7395833333333334 0.040625 0.041666666666666664
0 0.128125 0.2520833333333333 0.00625 0.025