0 0.4328125 0.3260416666666667 0.03203125 0.06145833333333333
0 0.478125 0.43020833333333336 0.03203125 0.057291666666666664
0 0.31796875 0.40729166666666666 0.034375 0.06145833333333333
0 0.4578125 0.953125 0.0359375 0.07083333333333333
0 0.3421875 0.9385416666666667 0.03671875 0.071875
0 0.4046875 0.9427083333333334 0.03671875 0.07395833333333333
0 0.6609375 0.31979166666666664 0.0390625 0.06770833333333333
0 0.22421875 0.3125 0.0359375 0.06145833333333333
0 0.3953125 0.04375 0.03359375 0.06770833333333333
0 0.4921875 0.040625 0.03359375 0.06979166666666667
0 0.43125 0.22708333333333333 0.03203125 0.0625
0 0.446875 0.036458333333333336 0.03359375 0.06770833333333333
0 0.5265625 0.9614583333333333 0.03515625 0.075
0 0.6484375 0.6552083333333333 0.03828125 0.06666666666666667
0 0.29296875 0.030208333333333334 0.0328125 0.06041666666666667
0 0.2984375 0.9322916666666666 0.03828125 0.071875
0 0.334375 0.03958333333333333 0.03359375 0.065625
0 0.24375 0.9197916666666667 0.03828125 0.07083333333333333
0 0.309375 0.609375 0.0359375 0.06145833333333333
0 0.196875 0.5885416666666666 0.0390625 0.06354166666666666
0 0.5265625 0.7302083333333333 0.03359375 0.06354166666666666