0 0.47265625 0.21666666666666667 0.028125 0.053125
0 0.3640625 0.534375 0.02890625 0.05
0 0.3734375 0.365625 0.02890625 0.053125
0 0.2703125 0.5114583333333333 0.0328125 0.053125
0 0.1984375 0.31354166666666666 0.03203125 0.053125
0 0.14765625 0.36354166666666665 0.03125 0.051041666666666666
0 0.52578125 0.06458333333333334 0.028125 0.057291666666666664
0 0.44765625 0.6302083333333334 0.028125 0.05
0 0.28359375 0.35833333333333334 0.0296875 0.053125
0 0.4421875 0.06458333333333334 0.02734375 0.057291666666666664
0 0.35234375 0.809375 0.03125 0.058333333333333334
0 0.39140625 0.058333333333333334 0.028125 0.05520833333333333
0 0.5109375 0.39166666666666666 0.02890625 0.05
0 0.66796875 0.39479166666666665 0.0328125 0.05520833333333333
0 0.3890625 0.8177083333333334 0.03125 0.058333333333333334
0 0.6546875 0.5854166666666667 0.03359375 0.057291666666666664
0 0.44296875 0.821875 0.0296875 0.057291666666666664
0 0.4875 0.059375 0.02734375 0.05520833333333333
0 0.48984375 0.8302083333333333 0.0296875 0.05520833333333333
0 0.4703125 0.2989583333333333 0.02734375 0.051041666666666666
0 0.290625 0.796875 0.034375 0.058333333333333334
0 0.215625 0.040625 0.02890625 0.05416666666666667