0 0.48359375 0.890625 0.028125 0.05416666666666667
0 0.5265625 0.8927083333333333 0.028125 0.058333333333333334
0 0.4328125 0.8927083333333333 0.028125 0.05416666666666667
0 0.3890625 0.8927083333333333 0.028125 0.05416666666666667
0 0.2984375 0.8864583333333333 0.03125 0.058333333333333334
0 0.66875 0.9010416666666666 0.03125 0.058333333333333334
0 0.575 0.6364583333333333 0.025 0.05
0 0.66875 0.7385416666666667 0.03125 0.058333333333333334
0 0.48125 0.6447916666666667 0.0265625 0.05
0 0.4796875 0.5583333333333333 0.028125 0.05
0 0.33125 0.29270833333333335 0.03125 0.05625
0 0.290625 0.6427083333333333 0.03125 0.05416666666666667
0 0.3828125 0.6395833333333333 0.0296875 0.05
0 0.6796875 0.6354166666666666 0.028125 0.05416666666666667
0 0.2828125 0.38645833333333335 0.034375 0.05416666666666667
0 0.628125 0.8927083333333333 0.028125 0.058333333333333334
0 0.278125 0.11770833333333333 0.034375 0.058333333333333334
0 0.4828125 0.7291666666666666 0.028125 0.05416666666666667
0 0.6265625 0.7208333333333333 0.028125 0.05416666666666667
0 0.4765625 0.28958333333333336 0.028125 0.05
0 0.375 0.11354166666666667 0.03125 0.058333333333333334
0 0.3828125 0.471875 0.028125 0.05
0 0.4265625 0.4739583333333333 0.028125 0.05
0 0.56953125 0.115625 0.0296875 0.058333333333333334
0 0.57421875 0.2833333333333333 0.0265625 0.05416666666666667
0 0.4265625 0.11354166666666667 0.028125 0.058333333333333334
0 0.6765625 0.37395833333333334 0.028125 0.052083333333333336
0 0.51953125 0.10520833333333333 0.0296875 0.058333333333333334
0 0.4796875 0.3802083333333333 0.028125 0.05416666666666667
0 0.475 0.11145833333333334 0.0296875 0.058333333333333334
0 0.6765625 0.09479166666666666 0.03125 0.0625
0 0.575 0.378125 0.025 0.05