0 0.6609375 0.23958333333333334 0.6703125 0.24583333333333332 0.675 0.25833333333333336 0.675 0.275 0.671875 0.28541666666666665 0.6578125 0.3020833333333333 0.6515625 0.3020833333333333 0.64375 0.29583333333333334 0.640625 0.28541666666666665 0.640625 0.26666666666666666 0.646875 0.24791666666666667 0.6515625 0.24166666666666667 0.659375 0.23958333333333334
0 0.390625 0.6645833333333333 0.396875 0.6708333333333333 0.4 0.6791666666666667 0.4 0.7020833333333333 0.390625 0.71875 0.38125 0.71875 0.3796875 0.7208333333333333 0.375 0.71875 0.36875 0.70625 0.3671875 0.6895833333333333 0.3734375 0.6708333333333333 0.3796875 0.6625 0.3875 0.6625 0.3890625 0.6645833333333333
0 0.3734375 0.8791666666666667 0.3828125 0.8875 0.3859375 0.8979166666666667 0.3859375 0.9166666666666666 0.3828125 0.925 0.3828125 0.93125 0.3734375 0.9479166666666666 0.359375 0.9458333333333333 0.353125 0.9354166666666667 0.3515625 0.9270833333333334 0.3515625 0.9145833333333333 0.3546875 0.8979166666666667 0.3640625 0.8833333333333333 0.371875 0.8791666666666667
0 0.2203125 0.175 0.23125 0.1875 0.2359375 0.2 0.234375 0.22291666666666668 0.225 0.23541666666666666 0.2125 0.23125 0.2015625 0.21458333333333332 0.203125 0.18541666666666667 0.2109375 0.175 0.21875 0.175
0 0.4203125 0 0.4421875 0 0.446875 0.014583333333333334 0.446875 0.0375 0.4421875 0.052083333333333336 0.4375 0.05625 0.4296875 0.05625 0.421875 0.04791666666666667 0.4171875 0.03125 0.4171875 0.00625 0.4203125 0.0020833333333333333
0 0.6625 0.5708333333333333 0.6734375 0.5833333333333334 0.6765625 0.5979166666666667 0.675 0.6125 0.671875 0.6208333333333333 0.6671875 0.6270833333333333 0.6625 0.6291666666666667 0.65 0.6270833333333333 0.64375 0.61875 0.6390625 0.6 0.6421875 0.5833333333333334 0.653125 0.5708333333333333 0.6609375 0.5708333333333333
0 0.0671875 0.4041666666666667 0.078125 0.4125 0.084375 0.425 0.0828125 0.4479166666666667 0.0734375 0.46041666666666664 0.05625 0.45625 0.0515625 0.45 0.0484375 0.4354166666666667 0.05 0.42083333333333334 0.053125 0.4125 0.0609375 0.4041666666666667 0.065625 0.4041666666666667
0 0.3296875 0.16875 0.3359375 0.175 0.3421875 0.19375 0.3421875 0.21458333333333332 0.33125 0.22916666666666666 0.321875 0.22708333333333333 0.315625 0.21875 0.309375 0.19791666666666666 0.3109375 0.18125 0.3140625 0.175 0.3234375 0.16666666666666666 0.328125 0.16875
0 0.671875 0.66875 0.678125 0.675 0.684375 0.69375 0.6828125 0.7145833333333333 0.675 0.7270833333333333 0.6625 0.7270833333333333 0.6515625 0.7145833333333333 0.6484375 0.70625 0.6484375 0.6854166666666667 0.653125 0.675 0.6609375 0.6666666666666666 0.66875 0.6666666666666666 0.6703125 0.66875
0 0.334375 0.8791666666666667 0.3390625 0.8833333333333333 0.34375 0.8958333333333334 0.34375 0.9104166666666667 0.3390625 0.9333333333333333 0.3234375 0.9479166666666666 0.315625 0.94375 0.309375 0.93125 0.309375 0.9020833333333333 0.315625 0.8875 0.325 0.8791666666666667 0.3328125 0.8791666666666667
0 0.4859375 0.8770833333333333 0.490625 0.8791666666666667 0.496875 0.8875 0.5 0.9 0.4984375 0.9270833333333334 0.49375 0.9395833333333333 0.4890625 0.94375 0.4796875 0.94375 0.475 0.9395833333333333 0.46875 0.925 0.4671875 0.9145833333333333 0.471875 0.8895833333333333 0.478125 0.8791666666666667 0.484375 0.8770833333333333
0 0.2796875 0.875 0.2875 0.8895833333333333 0.2875 0.9125 0.278125 0.9354166666666667 0.26875 0.9416666666666667 0.2625 0.9416666666666667 0.2546875 0.9333333333333333 0.2515625 0.9229166666666667 0.2515625 0.9020833333333333 0.2546875 0.8916666666666667 0.2640625 0.8791666666666667 0.2703125 0.875 0.278125 0.875
0 0.4390625 0.17916666666666667 0.4421875 0.18333333333333332 0.44375 0.19166666666666668 0.4453125 0.21458333333333332 0.4421875 0.22708333333333333 0.434375 0.23541666666666666 0.4265625 0.23541666666666666 0.41875 0.22708333333333333 0.4171875 0.21666666666666667 0.4140625 0.21041666666666667 0.4140625 0.19375 0.4171875 0.18125 0.4234375 0.175 0.434375 0.175 0.4375 0.17916666666666667
0 0.2859375 0.05 0.2796875 0.04791666666666667 0.275 0.041666666666666664 0.265625 0.01875 0.265625 0.008333333333333333 0.26875 0 0.29375 0 0.296875 0.00625 0.3 0.016666666666666666 0.3 0.03125 0.296875 0.03958333333333333 0.290625 0.04791666666666667 0.2875 0.04791666666666667
0 0.46875 0 0.4953125 0 0.4984375 0.0125 0.4984375 0.029166666666666667 0.4921875 0.04791666666666667 0.4890625 0.052083333333333336 0.4765625 0.052083333333333336 0.4703125 0.04375 0.4671875 0.027083333333333334 0.4671875 0.00625 0.46875 0.0020833333333333333
0 0.3265625 0.5666666666666667 0.3375 0.575 0.340625 0.5833333333333334 0.340625 0.6041666666666666 0.3390625 0.6104166666666667 0.3328125 0.61875 0.325 0.6208333333333333 0.3140625 0.61875 0.309375 0.6104166666666667 0.309375 0.6041666666666666 0.30625 0.5958333333333333 0.30625 0.5875 0.3109375 0.575 0.3203125 0.5666666666666667 0.325 0.5666666666666667
0 0.384375 0.09791666666666667 0.390625 0.10416666666666667 0.396875 0.125 0.396875 0.14166666666666666 0.384375 0.15833333333333333 0.375 0.15625 0.3703125 0.14791666666666667 0.36875 0.1375 0.365625 0.13125 0.365625 0.1125 0.36875 0.10416666666666667 0.375 0.09791666666666667 0.3828125 0.09791666666666667
0 0.2296875 0.2833333333333333 0.2375 0.29375 0.2421875 0.30625 0.240625 0.32916666666666666 0.2328125 0.33958333333333335 0.221875 0.33958333333333335 0.21875 0.33541666666666664 0.215625 0.33541666666666664 0.209375 0.32708333333333334 0.2078125 0.32083333333333336 0.2078125 0.3 0.2125 0.2875 0.2171875 0.2833333333333333 0.228125 0.2833333333333333
0 0.2140625 0.5666666666666667 0.2203125 0.5708333333333333 0.2265625 0.5833333333333334 0.2265625 0.6020833333333333 0.2234375 0.6104166666666667 0.2125 0.6229166666666667 0.196875 0.6208333333333333 0.1921875 0.6145833333333334 0.1890625 0.6041666666666666 0.1890625 0.5895833333333333 0.19375 0.575 0.2015625 0.5666666666666667 0.2125 0.5666666666666667
0 0.534375 0.175 0.5421875 0.16875 0.5515625 0.17083333333333334 0.55625 0.17708333333333334 0.5609375 0.19583333333333333 0.5578125 0.21875 0.5546875 0.225 0.55 0.23125 0.5375 0.23125 0.5328125 0.225 0.5296875 0.21458333333333332 0.5296875 0.1875 0.534375 0.17708333333333334
0 0.4875 0.3729166666666667 0.496875 0.3854166666666667 0.5 0.4 0.496875 0.41875 0.4890625 0.4270833333333333 0.4765625 0.4270833333333333 0.46875 0.41041666666666665 0.46875 0.39166666666666666 0.471875 0.38125 0.4765625 0.375 0.4859375 0.3729166666666667
0 0.3703125 0 0.3875 0 0.39375 0.0125 0.3953125 0.022916666666666665 0.3953125 0.04375 0.390625 0.05625 0.3859375 0.06041666666666667 0.375 0.058333333333333334 0.36875 0.04791666666666667 0.3640625 0.03125 0.3640625 0.0125 0.3671875 0.004166666666666667 0.3703125 0.0020833333333333333
0 0.6234375 0.86875 0.634375 0.8791666666666667 0.640625 0.9 0.640625 0.91875 0.6359375 0.93125 0.628125 0.9395833333333333 0.6203125 0.9395833333333333 0.6140625 0.9354166666666667 0.6046875 0.90625 0.6046875 0.8895833333333333 0.6078125 0.8791666666666667 0.6125 0.8708333333333333 0.621875 0.86875
0 0.4359375 0.27291666666666664 0.44375 0.2791666666666667 0.45 0.29583333333333334 0.45 0.3145833333333333 0.4453125 0.32708333333333334 0.4359375 0.33541666666666664 0.425 0.32708333333333334 0.41875 0.30625 0.41875 0.29375 0.421875 0.2833333333333333 0.428125 0.275 0.434375 0.27291666666666664
0 0.325 0.030208333333333334 0.034375 0.058333333333333334
0 0.4234375 0.8791666666666667 0.428125 0.875 0.4359375 0.875 0.440625 0.8791666666666667 0.446875 0.8958333333333334 0.446875 0.91875 0.4421875 0.93125 0.4359375 0.9395833333333333 0.43125 0.9416666666666667 0.421875 0.9395833333333333 0.4140625 0.9208333333333333 0.4140625 0.9 0.4234375 0.88125
0 0.55625 0.8770833333333333 0.5640625 0.8875 0.5671875 0.9 0.5671875 0.925 0.5640625 0.9354166666666667 0.5578125 0.94375 0.546875 0.94375 0.5390625 0.9333333333333333 0.534375 0.9145833333333333 0.5359375 0.8916666666666667 0.5390625 0.8833333333333333 0.5453125 0.875 0.553125 0.875 0.5546875 0.8770833333333333
0 0.328125 0.36666666666666664 0.3375 0.38125 0.340625 0.3958333333333333 0.3359375 0.41458333333333336 0.3296875 0.42291666666666666 0.3203125 0.42291666666666666 0.3171875 0.41875 0.3140625 0.41875 0.30625 0.40208333333333335 0.30625 0.38333333333333336 0.309375 0.375 0.315625 0.36666666666666664 0.3265625 0.36666666666666664