0 0.5265625 0.10520833333333333 0.028125 0.058333333333333334
0 0.38984375 0.10520833333333333 0.0296875 0.05416666666666667
0 0.4828125 0.10833333333333334 0.028125 0.05416666666666667
0 0.6796875 0.36354166666666665 0.03125 0.058333333333333334
0 0.290625 0.3572916666666667 0.03125 0.05416666666666667
0 0.678125 0.2760416666666667 0.03125 0.058333333333333334
0 0.2828125 0.6145833333333334 0.034375 0.058333333333333334
0 0.575 0.36354166666666665 0.028125 0.05
0 0.48515625 0.18958333333333333 0.028125 0.05416666666666667
0 0.4828125 0.26979166666666665 0.028125 0.05416666666666667
0 0.34375 0.10729166666666666 0.03125 0.05416666666666667
0 0.5296875 0.19270833333333334 0.028125 0.05416666666666667
0 0.4328125 0.5260416666666666 0.028125 0.05
0 0.325 0.871875 0.03125 0.058333333333333334
0 0.4796875 0.521875 0.028125 0.05
0 0.375 0.8864583333333333 0.03125 0.058333333333333334
0 0.3421875 0.184375 0.03125 0.05416666666666667
0 0.6765625 0.6239583333333333 0.03125 0.05416666666666667
0 0.48046875 0.44479166666666664 0.0265625 0.05
0 0.5765625 0.534375 0.0265625 0.05
0 0.42578125 0.8864583333333333 0.0296875 0.058333333333333334
0 0.6265625 0.528125 0.028125 0.05
0 0.475 0.8895833333333333 0.0296875 0.058333333333333334
0 0.57109375 0.8947916666666667 0.0296875 0.058333333333333334
0 0.5234375 0.7989583333333333 0.028125 0.058333333333333334
0 0.475 0.8010416666666667 0.0265625 0.05416666666666667