0 0.4859375 0.13229166666666667 0.0265625 0.053125
0 0.484375 0.21354166666666666 0.0265625 0.053125
0 0.4015625 0.06145833333333333 0.0265625 0.051041666666666666
0 0.45078125 0.06458333333333334 0.0265625 0.05416666666666667
0 0.49375 0.057291666666666664 0.02578125 0.05
0 0.36171875 0.7822916666666667 0.03125 0.05520833333333333
0 0.415625 0.590625 0.02890625 0.051041666666666666
0 0.2734375 0.0375 0.02734375 0.05
0 0.1234375 0.22604166666666667 0.02890625 0.05
0 0.2359375 0.05520833333333333 0.0265625 0.05
0 0.45390625 0.7885416666666667 0.0296875 0.057291666666666664
0 0.49921875 0.7989583333333333 0.0296875 0.057291666666666664
0 0.45859375 0.6104166666666667 0.0265625 0.04895833333333333
0 0.40546875 0.7885416666666667 0.0296875 0.053125
0 0.6625 0.46770833333333334 0.03203125 0.053125
0 0.2140625 0.246875 0.02734375 0.04895833333333333
0 0.4234375 0.3572916666666667 0.02578125 0.04895833333333333
0 0.46953125 0.515625 0.0265625 0.04895833333333333
0 0.171875 0.35833333333333334 0.02890625 0.05
0 0.1828125 0.6104166666666667 0.03046875 0.05416666666666667
0 0.21953125 0.3125 0.0296875 0.05