0 0.53203125 0.5697916666666667 0.03125 0.058333333333333334
0 0.58125 0.665625 0.03125 0.058333333333333334
0 0.74375 0.06770833333333333 0.0375 0.07083333333333333
0 0.471875 0.7677083333333333 0.03125 0.0625
0 0.6890625 0.06354166666666666 0.0375 0.07083333333333333
0 0.790625 0.7614583333333333 0.034375 0.0625
0 0.6453125 0.06041666666666667 0.034375 0.07083333333333333
0 0.7859375 0.65625 0.034375 0.058333333333333334
0 0.5828125 0.9395833333333333 0.0328125 0.06666666666666667
0 0.58515625 0.7635416666666667 0.03125 0.0625
0 0.3609375 0.7 0.0359375 0.0625
0 0.690625 0.5760416666666667 0.0328125 0.058333333333333334
0 0.63359375 0.934375 0.0328125 0.0625
0 0.6859375 0.7677083333333333 0.034375 0.0625
0 0.5859375 0.065625 0.034375 0.07083333333333333
0 0.6875 0.934375 0.0328125 0.0625
0 0.803125 0.378125 0.0375 0.0625
0 0.5328125 0.0625 0.034375 0.07083333333333333
0 0.5328125 0.94375 0.0328125 0.06666666666666667
0 0.6421875 0.284375 0.03125 0.058333333333333334
0 0.72734375 0.9416666666666667 0.034375 0.0625
0 0.3609375 0.37395833333333334 0.0375 0.0625
0 0.3953125 0.06979166666666667 0.0375 0.075
0 0.9390625 0.5385416666666667 0.034375 0.058333333333333334
0 0.690625 0.378125 0.034375 0.058333333333333334
0 0.4671875 0.065625 0.034375 0.07083333333333333
0 0.6328125 0.8385416666666666 0.03125 0.058333333333333334