0 0.1484375 0.215625 0.02890625 0.051041666666666666
0 0.2140625 0.6114583333333333 0.03203125 0.053125
0 0.5234375 0.121875 0.028125 0.053125
0 0.53125 0.046875 0.02734375 0.05520833333333333
0 0.521875 0.20520833333333333 0.028125 0.053125
0 0.2015625 0.353125 0.0296875 0.04895833333333333
0 0.43671875 0.051041666666666666 0.028125 0.05416666666666667
0 0.4875 0.053125 0.02734375 0.05416666666666667
0 0.25 0.30416666666666664 0.03046875 0.053125
0 0.54453125 0.803125 0.03125 0.058333333333333334
0 0.5125 0.3572916666666667 0.02890625 0.05416666666666667
0 0.24375 0.23645833333333333 0.02890625 0.051041666666666666
0 0.5 0.609375 0.02734375 0.051041666666666666
0 0.4046875 0.5854166666666667 0.02890625 0.051041666666666666
0 0.26484375 0.04479166666666667 0.028125 0.051041666666666666
0 0.4015625 0.784375 0.03046875 0.058333333333333334
0 0.709375 0.4635416666666667 0.034375 0.057291666666666664
0 0.303125 0.026041666666666668 0.028125 0.051041666666666666
0 0.5109375 0.5135416666666667 0.0296875 0.051041666666666666
0 0.446875 0.7916666666666666 0.02890625 0.05520833333333333
0 0.496875 0.7927083333333333 0.03046875 0.058333333333333334